4  146  
42  267  
226  267  
43  150  
44  223  
28  147  
76  273  
64  538  
452  538  
114  227  
20  148  
142  539  
453  539  
65  152  
115  149  
14  150  
43  224  
114  229  
115  232  
4  151  
44  225  
66  154  
45  236  
14  152  
65  230  
67  183  
69  240  
21  153  
88  324  
68  156  
116  244  
15  154  
66  237  
69  242  
116  247  
4  155  
45  238  
70  158  
46  251  
15  156  
68  245  
71  187  
73  255  
22  157  
90  340  
72  161  
117  259  
16  158  
70  252  
73  257  
117  262  
4  159  
146  159  
46  253  
74  164  
42  160  
16  161  
72  260  
75  536  
467  536  
77  269  
39  162  
141  537  
468  537  
76  147  
118  163  
28  164  
74  266  
77  271  
118  275  
8  165  
47  321  
282  321  
48  170  
49  279  
31  166  
89  328  
78  540  
473  540  
80  167  
40  168  
143  541  
474  541  
79  172  
119  169  
29  170  
48  280  
80  284  
119  287  
8  171  
49  281  
50  175  
51  291  
29  172  
79  285  
81  542  
478  542  
120  295  
23  173  
144  543  
479  543  
82  177  
121  174  
17  175  
50  292  
120  297  
121  301  
8  176  
51  293  
83  179  
52  305  
17  177  
82  299  
84  206  
86  309  
26  178  
102  397  
85  182  
122  313  
30  179  
83  306  
86  311  
122  316  
8  180  
165  180  
52  307  
87  184  
47  181  
30  182  
85  314  
88  153  
123  323  
21  183  
67  241  
89  166  
124  327  
31  184  
87  320  
123  325  
124  331  
10  185  
53  380  
338  380  
54  188  
55  335  
33  186  
100  386  
90  157  
125  339  
22  187  
71  256  
91  190  
126  342  
32  188  
54  336  
125  341  
126  346  
10  189  
55  337  
56  192  
57  350  
32  190  
91  343  
92  221  
127  354  
24  191  
112  439  
93  194  
128  358  
18  192  
56  351  
127  356  
128  361  
10  193  
57  352  
94  197  
58  365  
18  194  
93  359  
95  532  
502  532  
97  369  
25  195  
139  533  
503  533  
96  200  
129  196  
19  197  
94  366  
97  371  
129  375  
10  198  
185  198  
58  367  
98  203  
53  199  
19  200  
96  373  
99  534  
507  534  
101  382  
38  201  
140  535  
508  535  
100  186  
130  202  
33  203  
98  379  
101  384  
130  388  
13  204  
59  436  
395  436  
60  207  
61  392  
37  205  
113  443  
102  178  
131  396  
26  206  
84  310  
103  209  
132  399  
34  207  
60  393  
131  398  
132  403  
13  208  
61  394  
104  212  
62  407  
34  209  
103  400  
105  544  
517  544  
107  411  
41  210  
145  545  
518  545  
106  214  
133  211  
35  212  
104  408  
107  413  
133  417  
13  213  
62  409  
108  217  
63  421  
35  214  
106  415  
109  530  
522  530  
134  425  
27  215  
138  531  
523  531  
110  220  
135  216  
36  217  
108  422  
134  427  
135  431  
13  218  
204  218  
63  423  
111  222  
59  219  
36  220  
110  429  
112  191  
136  438  
24  221  
92  355  
113  205  
137  442  
37  222  
111  435  
136  440  
137  446  
146  151  
42  223  
44  151  
146  223  
28  224  
43  226  
150  450  
14  225  
44  450  
150  225  
223  450  
42  226  
43  450  
223  226  
147  233  
76  227  
114  233  
147  227  
273  451  
2  228  
64  451  
20  229  
114  452  
227  452  
76  451  
64  452  
227  451  
148  234  
142  149  
115  234  
148  149  
5  230  
65  453  
152  454  
14  231  
115  454  
152  231  
149  454  
142  453  
65  454  
149  453  
150  231  
43  232  
115  231  
150  232  
224  235  
28  233  
114  235  
224  233  
229  455  
20  234  
115  455  
229  234  
232  455  
43  235  
114  455  
232  235  
151  155  
44  236  
45  155  
151  236  
225  239  
14  237  
66  239  
225  237  
154  456  
15  238  
45  456  
154  238  
236  456  
44  239  
66  456  
236  239  
152  248  
65  240  
69  248  
152  240  
230  243  
5  241  
67  243  
230  241  
183  457  
21  242  
69  457  
183  242  
240  457  
65  243  
67  457  
240  243  
153  249  
88  244  
116  249  
153  244  
324  458  
6  245  
68  458  
156  459  
15  246  
116  459  
156  246  
244  459  
88  458  
68  459  
244  458  
154  246  
66  247  
116  246  
154  247  
237  250  
14  248  
69  250  
237  248  
242  460  
21  249  
116  460  
242  249  
247  460  
66  250  
69  460  
247  250  
155  159  
45  251  
46  159  
155  251  
238  254  
15  252  
70  254  
238  252  
158  461  
16  253  
46  461  
158  253  
251  461  
45  254  
70  461  
251  254  
156  263  
68  255  
73  263  
156  255  
245  258  
6  256  
71  258  
245  256  
187  462  
22  257  
73  462  
187  257  
255  462  
68  258  
71  462  
255  258  
157  264  
90  259  
117  264  
157  259  
340  463  
7  260  
72  463  
161  464  
16  261  
117  464  
161  261  
259  464  
90  463  
72  464  
259  463  
158  261  
70  262  
117  261  
158  262  
252  265  
15  263  
73  265  
252  263  
257  465  
22  264  
117  465  
257  264  
262  465  
70  265  
73  465  
262  265  
46  160  
42  146  
159  160  
253  268  
16  266  
74  268  
253  266  
164  466  
28  267  
42  466  
164  267  
160  466  
46  268  
74  466  
160  268  
161  276  
72  269  
77  276  
161  269  
260  272  
7  270  
75  272  
260  270  
39  271  
77  467  
269  467  
72  272  
75  467  
269  272  
162  277  
141  163  
118  277  
162  163  
2  273  
76  468  
147  469  
28  274  
118  469  
147  274  
163  469  
141  468  
76  469  
163  468  
164  274  
74  275  
118  274  
164  275  
266  278  
16  276  
77  278  
266  276  
271  470  
39  277  
118  470  
271  277  
275  470  
74  278  
77  470  
275  278  
165  171  
47  279  
49  171  
165  279  
31  280  
48  282  
170  471  
29  281  
49  471  
170  281  
279  471  
47  282  
48  471  
279  282  
166  288  
89  167  
80  288  
166  167  
328  472  
5  283  
78  472  
40  284  
80  473  
167  473  
89  472  
78  473  
167  472  
168  289  
143  169  
119  289  
168  169  
1  285  
79  474  
172  475  
29  286  
119  475  
172  286  
169  475  
143  474  
79  475  
169  474  
170  286  
48  287  
119  286  
170  287  
280  290  
31  288  
80  290  
280  288  
284  476  
40  289  
119  476  
284  289  
287  476  
48  290  
80  476  
287  290  
171  176  
49  291  
51  176  
171  291  
281  294  
29  292  
50  294  
281  292  
175  477  
17  293  
51  477  
175  293  
291  477  
49  294  
50  477  
291  294  
172  302  
79  295  
120  302  
172  295  
285  298  
1  296  
81  298  
285  296  
23  297  
120  478  
295  478  
79  298  
81  478  
295  298  
173  303  
144  174  
121  303  
173  174  
9  299  
82  479  
177  480  
17  300  
121  480  
177  300  
174  480  
144  479  
82  480  
174  479  
175  300  
50  301  
121  300  
175  301  
292  304  
29  302  
120  304  
292  302  
297  481  
23  303  
121  481  
297  303  
301  481  
50  304  
120  481  
301  304  
176  180  
51  305  
52  180  
176  305  
293  308  
17  306  
83  308  
293  306  
179  482  
30  307  
52  482  
179  307  
305  482  
51  308  
83  482  
305  308  
177  317  
82  309  
86  317  
177  309  
299  312  
9  310  
84  312  
299  310  
206  483  
26  311  
86  483  
206  311  
309  483  
82  312  
84  483  
309  312  
178  318  
102  313  
122  318  
178  313  
397  484  
6  314  
85  484  
182  485  
30  315  
122  485  
182  315  
313  485  
102  484  
85  485  
313  484  
179  315  
83  316  
122  315  
179  316  
306  319  
17  317  
86  319  
306  317  
311  486  
26  318  
122  486  
311  318  
316  486  
83  319  
86  486  
316  319  
52  181  
47  165  
180  181  
307  322  
30  320  
87  322  
307  320  
184  487  
31  321  
47  487  
184  321  
181  487  
52  322  
87  487  
181  322  
182  332  
85  323  
123  332  
182  323  
314  326  
6  324  
88  326  
314  324  
153  488  
21  325  
123  488  
153  325  
323  488  
85  326  
88  488  
323  326  
183  333  
67  327  
124  333  
183  327  
241  330  
5  328  
89  330  
241  328  
166  489  
31  329  
124  489  
166  329  
327  489  
67  330  
89  489  
327  330  
184  329  
87  331  
124  329  
184  331  
320  334  
30  332  
123  334  
320  332  
325  490  
21  333  
124  490  
325  333  
331  490  
87  334  
123  490  
331  334  
185  189  
53  335  
55  189  
185  335  
33  336  
54  338  
188  491  
32  337  
55  491  
188  337  
335  491  
53  338  
54  491  
335  338  
186  347  
100  339  
125  347  
186  339  
386  492  
7  340  
90  492  
157  493  
22  341  
125  493  
157  341  
339  493  
100  492  
90  493  
339  492  
187  348  
71  342  
126  348  
187  342  
256  345  
6  343  
91  345  
256  343  
190  494  
32  344  
126  494  
190  344  
342  494  
71  345  
91  494  
342  345  
188  344  
54  346  
126  344  
188  346  
336  349  
33  347  
125  349  
336  347  
341  495  
22  348  
126  495  
341  348  
346  495  
54  349  
125  495  
346  349  
189  193  
55  350  
57  193  
189  350  
337  353  
32  351  
56  353  
337  351  
192  496  
18  352  
57  496  
192  352  
350  496  
55  353  
56  496  
350  353  
190  362  
91  354  
127  362  
190  354  
343  357  
6  355  
92  357  
343  355  
221  497  
24  356  
127  497  
221  356  
354  497  
91  357  
92  497  
354  357  
191  363  
112  358  
128  363  
191  358  
439  498  
11  359  
93  498  
194  499  
18  360  
128  499  
194  360  
358  499  
112  498  
93  499  
358  498  
192  360  
56  361  
128  360  
192  361  
351  364  
32  362  
127  364  
351  362  
356  500  
24  363  
128  500  
356  363  
361  500  
56  364  
127  500  
361  364  
193  198  
57  365  
58  198  
193  365  
352  368  
18  366  
94  368  
352  366  
197  501  
19  367  
58  501  
197  367  
365  501  
57  368  
94  501  
365  368  
194  376  
93  369  
97  376  
194  369  
359  372  
11  370  
95  372  
359  370  
25  371  
97  502  
369  502  
93  372  
95  502  
369  372  
195  377  
139  196  
129  377  
195  196  
12  373  
96  503  
200  504  
19  374  
129  504  
200  374  
196  504  
139  503  
96  504  
196  503  
197  374  
94  375  
129  374  
197  375  
366  378  
18  376  
97  378  
366  376  
371  505  
25  377  
129  505  
371  377  
375  505  
94  378  
97  505  
375  378  
58  199  
53  185  
198  199  
367  381  
19  379  
98  381  
367  379  
203  506  
33  380  
53  506  
203  380  
199  506  
58  381  
98  506  
199  381  
200  389  
96  382  
101  389  
200  382  
373  385  
12  383  
99  385  
373  383  
38  384  
101  507  
382  507  
96  385  
99  507  
382  385  
201  390  
140  202  
130  390  
201  202  
7  386  
100  508  
186  509  
33  387  
130  509  
186  387  
202  509  
140  508  
100  509  
202  508  
203  387  
98  388  
130  387  
203  388  
379  391  
19  389  
101  391  
379  389  
384  510  
38  390  
130  510  
384  390  
388  510  
98  391  
101  510  
388  391  
204  208  
59  392  
61  208  
204  392  
37  393  
60  395  
207  511  
34  394  
61  511  
207  394  
392  511  
59  395  
60  511  
392  395  
205  404  
113  396  
131  404  
205  396  
443  512  
6  397  
102  512  
178  513  
26  398  
131  513  
178  398  
396  513  
113  512  
102  513  
396  512  
206  405  
84  399  
132  405  
206  399  
310  402  
9  400  
103  402  
310  400  
209  514  
34  401  
132  514  
209  401  
399  514  
84  402  
103  514  
399  402  
207  401  
60  403  
132  401  
207  403  
393  406  
37  404  
131  406  
393  404  
398  515  
26  405  
132  515  
398  405  
403  515  
60  406  
131  515  
403  406  
208  213  
61  407  
62  213  
208  407  
394  410  
34  408  
104  410  
394  408  
212  516  
35  409  
62  516  
212  409  
407  516  
61  410  
104  516  
407  410  
209  418  
103  411  
107  418  
209  411  
400  414  
9  412  
105  414  
400  412  
41  413  
107  517  
411  517  
103  414  
105  517  
411  414  
210  419  
145  211  
133  419  
210  211  
3  415  
106  518  
214  519  
35  416  
133  519  
214  416  
211  519  
145  518  
106  519  
211  518  
212  416  
104  417  
133  416  
212  417  
408  420  
34  418  
107  420  
408  418  
413  520  
41  419  
133  520  
413  419  
417  520  
104  420  
107  520  
417  420  
213  218  
62  421  
63  218  
213  421  
409  424  
35  422  
108  424  
409  422  
217  521  
36  423  
63  521  
217  423  
421  521  
62  424  
108  521  
421  424  
214  432  
106  425  
134  432  
214  425  
415  428  
3  426  
109  428  
415  426  
27  427  
134  522  
425  522  
106  428  
109  522  
425  428  
215  433  
138  216  
135  433  
215  216  
11  429  
110  523  
220  524  
36  430  
135  524  
220  430  
216  524  
138  523  
110  524  
216  523  
217  430  
108  431  
135  430  
217  431  
422  434  
35  432  
134  434  
422  432  
427  525  
27  433  
135  525  
427  433  
431  525  
108  434  
134  525  
431  434  
63  219  
59  204  
218  219  
423  437  
36  435  
111  437  
423  435  
222  526  
37  436  
59  526  
222  436  
219  526  
63  437  
111  526  
219  437  
220  447  
110  438  
136  447  
220  438  
429  441  
11  439  
112  441  
429  439  
191  527  
24  440  
136  527  
191  440  
438  527  
110  441  
112  527  
438  441  
221  448  
92  442  
137  448  
221  442  
355  445  
6  443  
113  445  
355  443  
205  528  
37  444  
137  528  
205  444  
442  528  
92  445  
113  528  
442  445  
222  444  
111  446  
137  444  
222  446  
435  449  
36  447  
136  449  
435  447  
440  529  
24  448  
137  529  
440  448  
446  529  
111  449  
136  529  
446  449  
151  223  
224  267  
224  226  
225  450  
226  450  
227  233  
228  273  
228  451  
229  538  
229  452  
451  452  
149  234  
230  539  
230  453  
231  454  
453  454  
231  232  
233  235  
234  455  
235  455  
155  236  
237  239  
238  456  
239  456  
240  248  
241  243  
242  457  
243  457  
244  249  
245  324  
245  458  
246  459  
458  459  
246  247  
248  250  
249  460  
250  460  
159  251  
252  254  
253  461  
254  461  
255  263  
256  258  
257  462  
258  462  
259  264  
260  340  
260  463  
261  464  
463  464  
261  262  
263  265  
264  465  
265  465  
146  160  
266  268  
267  466  
268  466  
269  276  
270  272  
271  536  
271  467  
272  467  
163  277  
273  537  
273  468  
274  469  
468  469  
274  275  
276  278  
277  470  
278  470  
171  279  
280  321  
280  282  
281  471  
282  471  
167  288  
283  328  
283  472  
284  540  
284  473  
472  473  
169  289  
285  541  
285  474  
286  475  
474  475  
286  287  
288  290  
289  476  
290  476  
176  291  
292  294  
293  477  
294  477  
295  302  
296  298  
297  542  
297  478  
298  478  
174  303  
299  543  
299  479  
300  480  
479  480  
300  301  
302  304  
303  481  
304  481  
180  305  
306  308  
307  482  
308  482  
309  317  
310  312  
311  483  
312  483  
313  318  
314  397  
314  484  
315  485  
484  485  
315  316  
317  319  
318  486  
319  486  
165  181  
320  322  
321  487  
322  487  
323  332  
324  326  
325  488  
326  488  
327  333  
328  330  
329  489  
330  489  
329  331  
332  334  
333  490  
334  490  
189  335  
336  380  
336  338  
337  491  
338  491  
339  347  
340  386  
340  492  
341  493  
492  493  
342  348  
343  345  
344  494  
345  494  
344  346  
347  349  
348  495  
349  495  
193  350  
351  353  
352  496  
353  496  
354  362  
355  357  
356  497  
357  497  
358  363  
359  439  
359  498  
360  499  
498  499  
360  361  
362  364  
363  500  
364  500  
198  365  
366  368  
367  501  
368  501  
369  376  
370  372  
371  532  
371  502  
372  502  
196  377  
373  533  
373  503  
374  504  
503  504  
374  375  
376  378  
377  505  
378  505  
185  199  
379  381  
380  506  
381  506  
382  389  
383  385  
384  534  
384  507  
385  507  
202  390  
386  535  
386  508  
387  509  
508  509  
387  388  
389  391  
390  510  
391  510  
208  392  
393  436  
393  395  
394  511  
395  511  
396  404  
397  443  
397  512  
398  513  
512  513  
399  405  
400  402  
401  514  
402  514  
401  403  
404  406  
405  515  
406  515  
213  407  
408  410  
409  516  
410  516  
411  418  
412  414  
413  544  
413  517  
414  517  
211  419  
415  545  
415  518  
416  519  
518  519  
416  417  
418  420  
419  520  
420  520  
218  421  
422  424  
423  521  
424  521  
425  432  
426  428  
427  530  
427  522  
428  522  
216  433  
429  531  
429  523  
430  524  
523  524  
430  431  
432  434  
433  525  
434  525  
204  219  
435  437  
436  526  
437  526  
438  447  
439  441  
440  527  
441  527  
442  448  
443  445  
444  528  
445  528  
444  446  
447  449  
448  529  
449  529  
109  426  
27  530  
138  215  
11  531  
95  370  
25  532  
139  195  
12  533  
99  383  
38  534  
140  201  
7  535  
75  270  
39  536  
141  162  
2  537  
64  228  
20  538  
142  148  
5  539  
78  283  
40  540  
143  168  
1  541  
81  296  
23  542  
144  173  
9  543  
105  412  
41  544  
145  210  
3  545  

