4  146  
42  267  
226  267  
43  150  
44  223  
28  147  
77  273  
65  538  
452  538  
113  227  
20  148  
142  539  
453  539  
66  152  
114  149  
14  150  
43  224  
113  229  
114  232  
4  151  
44  225  
67  154  
45  236  
14  152  
66  230  
68  183  
70  240  
21  153  
89  324  
69  156  
115  244  
15  154  
67  237  
70  242  
115  247  
4  155  
45  238  
71  158  
46  251  
15  156  
69  245  
72  187  
74  255  
22  157  
91  340  
73  161  
116  259  
16  158  
71  252  
74  257  
116  262  
4  159  
146  159  
46  253  
75  164  
42  160  
16  161  
73  260  
76  544  
467  544  
78  269  
41  162  
145  545  
468  545  
77  147  
117  163  
28  164  
75  266  
78  271  
117  275  
8  165  
47  321  
282  321  
48  170  
49  279  
31  166  
90  328  
79  540  
473  540  
81  167  
40  168  
143  541  
474  541  
80  172  
118  169  
29  170  
48  280  
81  284  
118  287  
8  171  
49  281  
50  175  
51  291  
29  172  
80  285  
82  530  
478  530  
119  295  
23  173  
138  531  
479  531  
83  177  
120  174  
17  175  
50  292  
119  297  
120  301  
8  176  
51  293  
84  179  
52  305  
17  177  
83  299  
85  206  
87  309  
26  178  
102  397  
86  182  
121  313  
30  179  
84  306  
87  311  
121  316  
8  180  
165  180  
52  307  
88  184  
47  181  
30  182  
86  314  
89  153  
122  323  
21  183  
68  241  
90  166  
123  327  
31  184  
88  320  
122  325  
123  331  
10  185  
53  380  
338  380  
54  188  
55  335  
34  186  
101  386  
91  157  
124  339  
22  187  
72  256  
92  190  
125  342  
32  188  
54  336  
124  341  
125  346  
10  189  
55  337  
56  192  
57  350  
32  190  
92  343  
93  221  
126  354  
24  191  
111  439  
94  194  
127  358  
18  192  
56  351  
126  356  
127  361  
10  193  
57  352  
95  197  
58  365  
18  194  
94  359  
96  536  
502  536  
98  369  
39  195  
141  537  
503  537  
97  200  
128  196  
33  197  
95  366  
98  371  
128  375  
10  198  
185  198  
58  367  
99  203  
53  199  
33  200  
97  373  
100  542  
507  542  
129  382  
25  201  
144  543  
508  543  
101  186  
130  202  
34  203  
99  379  
129  384  
130  388  
12  204  
59  436  
395  436  
60  207  
61  392  
37  205  
112  443  
102  178  
131  396  
26  206  
85  310  
103  209  
132  399  
35  207  
60  393  
131  398  
132  403  
12  208  
61  394  
62  212  
63  407  
35  209  
103  400  
104  532  
517  532  
133  411  
27  210  
139  533  
518  533  
105  214  
134  211  
19  212  
62  408  
133  413  
134  417  
12  213  
63  409  
106  217  
64  421  
19  214  
105  415  
107  534  
522  534  
109  425  
38  215  
140  535  
523  535  
108  220  
135  216  
36  217  
106  422  
109  427  
135  431  
12  218  
204  218  
64  423  
110  222  
59  219  
36  220  
108  429  
111  191  
136  438  
24  221  
93  355  
112  205  
137  442  
37  222  
110  435  
136  440  
137  446  
146  151  
42  223  
44  151  
146  223  
28  224  
43  226  
150  450  
14  225  
44  450  
150  225  
223  450  
42  226  
43  450  
223  226  
147  233  
77  227  
113  233  
147  227  
273  451  
1  228  
65  451  
20  229  
113  452  
227  452  
77  451  
65  452  
227  451  
148  234  
142  149  
114  234  
148  149  
5  230  
66  453  
152  454  
14  231  
114  454  
152  231  
149  454  
142  453  
66  454  
149  453  
150  231  
43  232  
114  231  
150  232  
224  235  
28  233  
113  235  
224  233  
229  455  
20  234  
114  455  
229  234  
232  455  
43  235  
113  455  
232  235  
151  155  
44  236  
45  155  
151  236  
225  239  
14  237  
67  239  
225  237  
154  456  
15  238  
45  456  
154  238  
236  456  
44  239  
67  456  
236  239  
152  248  
66  240  
70  248  
152  240  
230  243  
5  241  
68  243  
230  241  
183  457  
21  242  
70  457  
183  242  
240  457  
66  243  
68  457  
240  243  
153  249  
89  244  
115  249  
153  244  
324  458  
6  245  
69  458  
156  459  
15  246  
115  459  
156  246  
244  459  
89  458  
69  459  
244  458  
154  246  
67  247  
115  246  
154  247  
237  250  
14  248  
70  250  
237  248  
242  460  
21  249  
115  460  
242  249  
247  460  
67  250  
70  460  
247  250  
155  159  
45  251  
46  159  
155  251  
238  254  
15  252  
71  254  
238  252  
158  461  
16  253  
46  461  
158  253  
251  461  
45  254  
71  461  
251  254  
156  263  
69  255  
74  263  
156  255  
245  258  
6  256  
72  258  
245  256  
187  462  
22  257  
74  462  
187  257  
255  462  
69  258  
72  462  
255  258  
157  264  
91  259  
116  264  
157  259  
340  463  
7  260  
73  463  
161  464  
16  261  
116  464  
161  261  
259  464  
91  463  
73  464  
259  463  
158  261  
71  262  
116  261  
158  262  
252  265  
15  263  
74  265  
252  263  
257  465  
22  264  
116  465  
257  264  
262  465  
71  265  
74  465  
262  265  
46  160  
42  146  
159  160  
253  268  
16  266  
75  268  
253  266  
164  466  
28  267  
42  466  
164  267  
160  466  
46  268  
75  466  
160  268  
161  276  
73  269  
78  276  
161  269  
260  272  
7  270  
76  272  
260  270  
41  271  
78  467  
269  467  
73  272  
76  467  
269  272  
162  277  
145  163  
117  277  
162  163  
1  273  
77  468  
147  469  
28  274  
117  469  
147  274  
163  469  
145  468  
77  469  
163  468  
164  274  
75  275  
117  274  
164  275  
266  278  
16  276  
78  278  
266  276  
271  470  
41  277  
117  470  
271  277  
275  470  
75  278  
78  470  
275  278  
165  171  
47  279  
49  171  
165  279  
31  280  
48  282  
170  471  
29  281  
49  471  
170  281  
279  471  
47  282  
48  471  
279  282  
166  288  
90  167  
81  288  
166  167  
328  472  
5  283  
79  472  
40  284  
81  473  
167  473  
90  472  
79  473  
167  472  
168  289  
143  169  
118  289  
168  169  
2  285  
80  474  
172  475  
29  286  
118  475  
172  286  
169  475  
143  474  
80  475  
169  474  
170  286  
48  287  
118  286  
170  287  
280  290  
31  288  
81  290  
280  288  
284  476  
40  289  
118  476  
284  289  
287  476  
48  290  
81  476  
287  290  
171  176  
49  291  
51  176  
171  291  
281  294  
29  292  
50  294  
281  292  
175  477  
17  293  
51  477  
175  293  
291  477  
49  294  
50  477  
291  294  
172  302  
80  295  
119  302  
172  295  
285  298  
2  296  
82  298  
285  296  
23  297  
119  478  
295  478  
80  298  
82  478  
295  298  
173  303  
138  174  
120  303  
173  174  
9  299  
83  479  
177  480  
17  300  
120  480  
177  300  
174  480  
138  479  
83  480  
174  479  
175  300  
50  301  
120  300  
175  301  
292  304  
29  302  
119  304  
292  302  
297  481  
23  303  
120  481  
297  303  
301  481  
50  304  
119  481  
301  304  
176  180  
51  305  
52  180  
176  305  
293  308  
17  306  
84  308  
293  306  
179  482  
30  307  
52  482  
179  307  
305  482  
51  308  
84  482  
305  308  
177  317  
83  309  
87  317  
177  309  
299  312  
9  310  
85  312  
299  310  
206  483  
26  311  
87  483  
206  311  
309  483  
83  312  
85  483  
309  312  
178  318  
102  313  
121  318  
178  313  
397  484  
6  314  
86  484  
182  485  
30  315  
121  485  
182  315  
313  485  
102  484  
86  485  
313  484  
179  315  
84  316  
121  315  
179  316  
306  319  
17  317  
87  319  
306  317  
311  486  
26  318  
121  486  
311  318  
316  486  
84  319  
87  486  
316  319  
52  181  
47  165  
180  181  
307  322  
30  320  
88  322  
307  320  
184  487  
31  321  
47  487  
184  321  
181  487  
52  322  
88  487  
181  322  
182  332  
86  323  
122  332  
182  323  
314  326  
6  324  
89  326  
314  324  
153  488  
21  325  
122  488  
153  325  
323  488  
86  326  
89  488  
323  326  
183  333  
68  327  
123  333  
183  327  
241  330  
5  328  
90  330  
241  328  
166  489  
31  329  
123  489  
166  329  
327  489  
68  330  
90  489  
327  330  
184  329  
88  331  
123  329  
184  331  
320  334  
30  332  
122  334  
320  332  
325  490  
21  333  
123  490  
325  333  
331  490  
88  334  
122  490  
331  334  
185  189  
53  335  
55  189  
185  335  
34  336  
54  338  
188  491  
32  337  
55  491  
188  337  
335  491  
53  338  
54  491  
335  338  
186  347  
101  339  
124  347  
186  339  
386  492  
7  340  
91  492  
157  493  
22  341  
124  493  
157  341  
339  493  
101  492  
91  493  
339  492  
187  348  
72  342  
125  348  
187  342  
256  345  
6  343  
92  345  
256  343  
190  494  
32  344  
125  494  
190  344  
342  494  
72  345  
92  494  
342  345  
188  344  
54  346  
125  344  
188  346  
336  349  
34  347  
124  349  
336  347  
341  495  
22  348  
125  495  
341  348  
346  495  
54  349  
124  495  
346  349  
189  193  
55  350  
57  193  
189  350  
337  353  
32  351  
56  353  
337  351  
192  496  
18  352  
57  496  
192  352  
350  496  
55  353  
56  496  
350  353  
190  362  
92  354  
126  362  
190  354  
343  357  
6  355  
93  357  
343  355  
221  497  
24  356  
126  497  
221  356  
354  497  
92  357  
93  497  
354  357  
191  363  
111  358  
127  363  
191  358  
439  498  
11  359  
94  498  
194  499  
18  360  
127  499  
194  360  
358  499  
111  498  
94  499  
358  498  
192  360  
56  361  
127  360  
192  361  
351  364  
32  362  
126  364  
351  362  
356  500  
24  363  
127  500  
356  363  
361  500  
56  364  
126  500  
361  364  
193  198  
57  365  
58  198  
193  365  
352  368  
18  366  
95  368  
352  366  
197  501  
33  367  
58  501  
197  367  
365  501  
57  368  
95  501  
365  368  
194  376  
94  369  
98  376  
194  369  
359  372  
11  370  
96  372  
359  370  
39  371  
98  502  
369  502  
94  372  
96  502  
369  372  
195  377  
141  196  
128  377  
195  196  
3  373  
97  503  
200  504  
33  374  
128  504  
200  374  
196  504  
141  503  
97  504  
196  503  
197  374  
95  375  
128  374  
197  375  
366  378  
18  376  
98  378  
366  376  
371  505  
39  377  
128  505  
371  377  
375  505  
95  378  
98  505  
375  378  
58  199  
53  185  
198  199  
367  381  
33  379  
99  381  
367  379  
203  506  
34  380  
53  506  
203  380  
199  506  
58  381  
99  506  
199  381  
200  389  
97  382  
129  389  
200  382  
373  385  
3  383  
100  385  
373  383  
25  384  
129  507  
382  507  
97  385  
100  507  
382  385  
201  390  
144  202  
130  390  
201  202  
7  386  
101  508  
186  509  
34  387  
130  509  
186  387  
202  509  
144  508  
101  509  
202  508  
203  387  
99  388  
130  387  
203  388  
379  391  
33  389  
129  391  
379  389  
384  510  
25  390  
130  510  
384  390  
388  510  
99  391  
129  510  
388  391  
204  208  
59  392  
61  208  
204  392  
37  393  
60  395  
207  511  
35  394  
61  511  
207  394  
392  511  
59  395  
60  511  
392  395  
205  404  
112  396  
131  404  
205  396  
443  512  
6  397  
102  512  
178  513  
26  398  
131  513  
178  398  
396  513  
112  512  
102  513  
396  512  
206  405  
85  399  
132  405  
206  399  
310  402  
9  400  
103  402  
310  400  
209  514  
35  401  
132  514  
209  401  
399  514  
85  402  
103  514  
399  402  
207  401  
60  403  
132  401  
207  403  
393  406  
37  404  
131  406  
393  404  
398  515  
26  405  
132  515  
398  405  
403  515  
60  406  
131  515  
403  406  
208  213  
61  407  
63  213  
208  407  
394  410  
35  408  
62  410  
394  408  
212  516  
19  409  
63  516  
212  409  
407  516  
61  410  
62  516  
407  410  
209  418  
103  411  
133  418  
209  411  
400  414  
9  412  
104  414  
400  412  
27  413  
133  517  
411  517  
103  414  
104  517  
411  414  
210  419  
139  211  
134  419  
210  211  
13  415  
105  518  
214  519  
19  416  
134  519  
214  416  
211  519  
139  518  
105  519  
211  518  
212  416  
62  417  
134  416  
212  417  
408  420  
35  418  
133  420  
408  418  
413  520  
27  419  
134  520  
413  419  
417  520  
62  420  
133  520  
417  420  
213  218  
63  421  
64  218  
213  421  
409  424  
19  422  
106  424  
409  422  
217  521  
36  423  
64  521  
217  423  
421  521  
63  424  
106  521  
421  424  
214  432  
105  425  
109  432  
214  425  
415  428  
13  426  
107  428  
415  426  
38  427  
109  522  
425  522  
105  428  
107  522  
425  428  
215  433  
140  216  
135  433  
215  216  
11  429  
108  523  
220  524  
36  430  
135  524  
220  430  
216  524  
140  523  
108  524  
216  523  
217  430  
106  431  
135  430  
217  431  
422  434  
19  432  
109  434  
422  432  
427  525  
38  433  
135  525  
427  433  
431  525  
106  434  
109  525  
431  434  
64  219  
59  204  
218  219  
423  437  
36  435  
110  437  
423  435  
222  526  
37  436  
59  526  
222  436  
219  526  
64  437  
110  526  
219  437  
220  447  
108  438  
136  447  
220  438  
429  441  
11  439  
111  441  
429  439  
191  527  
24  440  
136  527  
191  440  
438  527  
108  441  
111  527  
438  441  
221  448  
93  442  
137  448  
221  442  
355  445  
6  443  
112  445  
355  443  
205  528  
37  444  
137  528  
205  444  
442  528  
93  445  
112  528  
442  445  
222  444  
110  446  
137  444  
222  446  
435  449  
36  447  
136  449  
435  447  
440  529  
24  448  
137  529  
440  448  
446  529  
110  449  
136  529  
446  449  
151  223  
224  267  
224  226  
225  450  
226  450  
227  233  
228  273  
228  451  
229  538  
229  452  
451  452  
149  234  
230  539  
230  453  
231  454  
453  454  
231  232  
233  235  
234  455  
235  455  
155  236  
237  239  
238  456  
239  456  
240  248  
241  243  
242  457  
243  457  
244  249  
245  324  
245  458  
246  459  
458  459  
246  247  
248  250  
249  460  
250  460  
159  251  
252  254  
253  461  
254  461  
255  263  
256  258  
257  462  
258  462  
259  264  
260  340  
260  463  
261  464  
463  464  
261  262  
263  265  
264  465  
265  465  
146  160  
266  268  
267  466  
268  466  
269  276  
270  272  
271  544  
271  467  
272  467  
163  277  
273  545  
273  468  
274  469  
468  469  
274  275  
276  278  
277  470  
278  470  
171  279  
280  321  
280  282  
281  471  
282  471  
167  288  
283  328  
283  472  
284  540  
284  473  
472  473  
169  289  
285  541  
285  474  
286  475  
474  475  
286  287  
288  290  
289  476  
290  476  
176  291  
292  294  
293  477  
294  477  
295  302  
296  298  
297  530  
297  478  
298  478  
174  303  
299  531  
299  479  
300  480  
479  480  
300  301  
302  304  
303  481  
304  481  
180  305  
306  308  
307  482  
308  482  
309  317  
310  312  
311  483  
312  483  
313  318  
314  397  
314  484  
315  485  
484  485  
315  316  
317  319  
318  486  
319  486  
165  181  
320  322  
321  487  
322  487  
323  332  
324  326  
325  488  
326  488  
327  333  
328  330  
329  489  
330  489  
329  331  
332  334  
333  490  
334  490  
189  335  
336  380  
336  338  
337  491  
338  491  
339  347  
340  386  
340  492  
341  493  
492  493  
342  348  
343  345  
344  494  
345  494  
344  346  
347  349  
348  495  
349  495  
193  350  
351  353  
352  496  
353  496  
354  362  
355  357  
356  497  
357  497  
358  363  
359  439  
359  498  
360  499  
498  499  
360  361  
362  364  
363  500  
364  500  
198  365  
366  368  
367  501  
368  501  
369  376  
370  372  
371  536  
371  502  
372  502  
196  377  
373  537  
373  503  
374  504  
503  504  
374  375  
376  378  
377  505  
378  505  
185  199  
379  381  
380  506  
381  506  
382  389  
383  385  
384  542  
384  507  
385  507  
202  390  
386  543  
386  508  
387  509  
508  509  
387  388  
389  391  
390  510  
391  510  
208  392  
393  436  
393  395  
394  511  
395  511  
396  404  
397  443  
397  512  
398  513  
512  513  
399  405  
400  402  
401  514  
402  514  
401  403  
404  406  
405  515  
406  515  
213  407  
408  410  
409  516  
410  516  
411  418  
412  414  
413  532  
413  517  
414  517  
211  419  
415  533  
415  518  
416  519  
518  519  
416  417  
418  420  
419  520  
420  520  
218  421  
422  424  
423  521  
424  521  
425  432  
426  428  
427  534  
427  522  
428  522  
216  433  
429  535  
429  523  
430  524  
523  524  
430  431  
432  434  
433  525  
434  525  
204  219  
435  437  
436  526  
437  526  
438  447  
439  441  
440  527  
441  527  
442  448  
443  445  
444  528  
445  528  
444  446  
447  449  
448  529  
449  529  
82  296  
23  530  
138  173  
9  531  
104  412  
27  532  
139  210  
13  533  
107  426  
38  534  
140  215  
11  535  
96  370  
39  536  
141  195  
3  537  
65  228  
20  538  
142  148  
5  539  
79  283  
40  540  
143  168  
2  541  
100  383  
25  542  
144  201  
7  543  
76  270  
41  544  
145  162  
1  545  

