1  146  
42  530  
220  530  
62  150  
75  217  
14  147  
138  531  
458  531  
63  152  
65  148  
22  149  
43  151  
64  264  
119  223  
31  150  
62  218  
65  222  
119  227  
5  151  
43  149  
44  154  
45  231  
22  152  
63  221  
66  180  
68  235  
23  153  
89  325  
67  156  
120  239  
15  154  
44  232  
68  237  
120  242  
5  155  
45  233  
69  158  
46  246  
15  156  
67  240  
70  183  
72  250  
24  157  
52  182  
71  160  
121  254  
16  158  
69  247  
72  252  
121  258  
5  159  
46  248  
73  163  
64  262  
16  160  
71  255  
74  540  
472  540  
76  266  
40  161  
143  541  
473  541  
75  219  
122  162  
31  163  
73  263  
76  268  
122  272  
4  164  
47  532  
279  532  
77  168  
90  276  
17  165  
139  533  
477  533  
78  170  
80  166  
25  167  
48  169  
79  322  
123  282  
33  168  
77  277  
80  281  
123  286  
9  169  
48  167  
49  173  
50  290  
25  170  
78  280  
81  534  
482  534  
83  294  
26  171  
140  535  
483  535  
82  175  
124  172  
18  173  
49  291  
83  296  
124  300  
9  174  
50  292  
84  177  
51  304  
18  175  
82  298  
85  200  
87  308  
21  176  
58  199  
86  179  
125  312  
32  177  
84  305  
87  310  
125  316  
9  178  
51  306  
88  181  
79  320  
32  179  
86  313  
89  153  
126  324  
23  180  
66  236  
90  278  
127  328  
33  181  
88  321  
126  326  
127  332  
7  182  
52  157  
53  185  
57  336  
24  183  
70  251  
91  187  
93  340  
27  184  
54  186  
92  196  
128  344  
20  185  
53  337  
93  342  
128  348  
11  186  
54  184  
55  189  
56  352  
27  187  
91  341  
94  215  
96  356  
28  188  
117  446  
95  191  
129  360  
19  189  
55  353  
96  358  
129  363  
11  190  
56  354  
97  194  
102  367  
19  191  
95  361  
98  544  
504  544  
100  371  
41  192  
145  545  
505  545  
99  197  
130  193  
34  194  
97  368  
100  373  
130  377  
7  195  
57  338  
101  198  
142  381  
20  196  
92  345  
102  369  
104  385  
34  197  
99  375  
103  538  
510  538  
131  389  
35  198  
101  382  
104  387  
131  393  
6  199  
58  176  
105  202  
118  397  
21  200  
85  309  
106  204  
108  401  
29  201  
59  203  
107  443  
132  405  
38  202  
105  398  
108  403  
132  409  
13  203  
59  201  
109  207  
60  413  
29  204  
106  402  
110  536  
517  536  
112  417  
39  205  
141  537  
518  537  
111  209  
133  206  
36  207  
109  414  
112  419  
133  423  
13  208  
60  415  
113  212  
61  427  
36  209  
111  421  
114  542  
522  542  
134  431  
30  210  
144  543  
523  543  
115  214  
135  211  
37  212  
113  428  
134  433  
135  437  
13  213  
61  429  
116  216  
107  441  
37  214  
115  435  
117  188  
136  445  
28  215  
94  357  
118  399  
137  449  
38  216  
116  442  
136  447  
137  453  
146  270  
42  217  
75  270  
146  217  
14  218  
62  220  
150  457  
31  219  
75  457  
150  219  
217  457  
42  220  
62  457  
217  220  
147  228  
138  148  
65  228  
147  148  
4  221  
63  458  
152  459  
22  222  
65  459  
152  222  
148  459  
138  458  
63  459  
148  458  
149  229  
43  223  
119  229  
149  223  
151  226  
5  224  
64  226  
151  224  
264  460  
31  225  
119  460  
223  460  
43  226  
64  460  
223  226  
150  225  
62  227  
119  225  
150  227  
218  230  
14  228  
65  230  
218  228  
222  461  
22  229  
119  461  
222  229  
227  461  
62  230  
65  461  
227  230  
151  155  
43  231  
45  155  
151  231  
149  234  
22  232  
44  234  
149  232  
154  462  
15  233  
45  462  
154  233  
231  462  
43  234  
44  462  
231  234  
152  243  
63  235  
68  243  
152  235  
221  238  
4  236  
66  238  
221  236  
180  463  
23  237  
68  463  
180  237  
235  463  
63  238  
66  463  
235  238  
153  244  
89  239  
120  244  
153  239  
325  464  
6  240  
67  464  
156  465  
15  241  
120  465  
156  241  
239  465  
89  464  
67  465  
239  464  
154  241  
44  242  
120  241  
154  242  
232  245  
22  243  
68  245  
232  243  
237  466  
23  244  
120  466  
237  244  
242  466  
44  245  
68  466  
242  245  
155  159  
45  246  
46  159  
155  246  
233  249  
15  247  
69  249  
233  247  
158  467  
16  248  
46  467  
158  248  
246  467  
45  249  
69  467  
246  249  
156  259  
67  250  
72  259  
156  250  
240  253  
6  251  
70  253  
240  251  
183  468  
24  252  
72  468  
183  252  
250  468  
67  253  
70  468  
250  253  
157  260  
52  254  
121  260  
157  254  
182  257  
7  255  
71  257  
182  255  
160  469  
16  256  
121  469  
160  256  
254  469  
52  257  
71  469  
254  257  
158  256  
69  258  
121  256  
158  258  
247  261  
15  259  
72  261  
247  259  
252  470  
24  260  
121  470  
252  260  
258  470  
69  261  
72  470  
258  261  
159  224  
46  262  
64  224  
159  262  
248  265  
16  263  
73  265  
248  263  
163  471  
31  264  
64  471  
163  264  
262  471  
46  265  
73  471  
262  265  
160  273  
71  266  
76  273  
160  266  
255  269  
7  267  
74  269  
255  267  
40  268  
76  472  
266  472  
71  269  
74  472  
266  269  
161  274  
143  162  
122  274  
161  162  
1  270  
75  473  
219  474  
31  271  
122  474  
219  271  
162  474  
143  473  
75  474  
162  473  
163  271  
73  272  
122  271  
163  272  
263  275  
16  273  
76  275  
263  273  
268  475  
40  274  
122  475  
268  274  
272  475  
73  275  
76  475  
272  275  
164  329  
47  276  
90  329  
164  276  
17  277  
77  279  
168  476  
33  278  
90  476  
168  278  
276  476  
47  279  
77  476  
276  279  
165  287  
139  166  
80  287  
165  166  
8  280  
78  477  
170  478  
25  281  
80  478  
170  281  
166  478  
139  477  
78  478  
166  477  
167  288  
48  282  
123  288  
167  282  
169  285  
9  283  
79  285  
169  283  
322  479  
33  284  
123  479  
282  479  
48  285  
79  479  
282  285  
168  284  
77  286  
123  284  
168  286  
277  289  
17  287  
80  289  
277  287  
281  480  
25  288  
123  480  
281  288  
286  480  
77  289  
80  480  
286  289  
169  174  
48  290  
50  174  
169  290  
167  293  
25  291  
49  293  
167  291  
173  481  
18  292  
50  481  
173  292  
290  481  
48  293  
49  481  
290  293  
170  301  
78  294  
83  301  
170  294  
280  297  
8  295  
81  297  
280  295  
26  296  
83  482  
294  482  
78  297  
81  482  
294  297  
171  302  
140  172  
124  302  
171  172  
10  298  
82  483  
175  484  
18  299  
124  484  
175  299  
172  484  
140  483  
82  484  
172  483  
173  299  
49  300  
124  299  
173  300  
291  303  
25  301  
83  303  
291  301  
296  485  
26  302  
124  485  
296  302  
300  485  
49  303  
83  485  
300  303  
174  178  
50  304  
51  178  
174  304  
292  307  
18  305  
84  307  
292  305  
177  486  
32  306  
51  486  
177  306  
304  486  
50  307  
84  486  
304  307  
175  317  
82  308  
87  317  
175  308  
298  311  
10  309  
85  311  
298  309  
200  487  
21  310  
87  487  
200  310  
308  487  
82  311  
85  487  
308  311  
176  318  
58  312  
125  318  
176  312  
199  315  
6  313  
86  315  
199  313  
179  488  
32  314  
125  488  
179  314  
312  488  
58  315  
86  488  
312  315  
177  314  
84  316  
125  314  
177  316  
305  319  
18  317  
87  319  
305  317  
310  489  
21  318  
125  489  
310  318  
316  489  
84  319  
87  489  
316  319  
178  283  
51  320  
79  283  
178  320  
306  323  
32  321  
88  323  
306  321  
181  490  
33  322  
79  490  
181  322  
320  490  
51  323  
88  490  
320  323  
179  333  
86  324  
126  333  
179  324  
313  327  
6  325  
89  327  
313  325  
153  491  
23  326  
126  491  
153  326  
324  491  
86  327  
89  491  
324  327  
180  334  
66  328  
127  334  
180  328  
236  331  
4  329  
90  331  
236  329  
278  492  
33  330  
127  492  
278  330  
328  492  
66  331  
90  492  
328  331  
181  330  
88  332  
127  330  
181  332  
321  335  
32  333  
126  335  
321  333  
326  493  
23  334  
127  493  
326  334  
332  493  
88  335  
126  493  
332  335  
182  195  
52  336  
57  195  
182  336  
157  339  
24  337  
53  339  
157  337  
185  494  
20  338  
57  494  
185  338  
336  494  
52  339  
53  494  
336  339  
183  349  
70  340  
93  349  
183  340  
251  343  
6  341  
91  343  
251  341  
187  495  
27  342  
93  495  
187  342  
340  495  
70  343  
91  495  
340  343  
184  350  
54  344  
128  350  
184  344  
186  347  
11  345  
92  347  
186  345  
196  496  
20  346  
128  496  
196  346  
344  496  
54  347  
92  496  
344  347  
185  346  
53  348  
128  346  
185  348  
337  351  
24  349  
93  351  
337  349  
342  497  
27  350  
128  497  
342  350  
348  497  
53  351  
93  497  
348  351  
186  190  
54  352  
56  190  
186  352  
184  355  
27  353  
55  355  
184  353  
189  498  
19  354  
56  498  
189  354  
352  498  
54  355  
55  498  
352  355  
187  364  
91  356  
96  364  
187  356  
341  359  
6  357  
94  359  
341  357  
215  499  
28  358  
96  499  
215  358  
356  499  
91  359  
94  499  
356  359  
188  365  
117  360  
129  365  
188  360  
446  500  
12  361  
95  500  
191  501  
19  362  
129  501  
191  362  
360  501  
117  500  
95  501  
360  500  
189  362  
55  363  
129  362  
189  363  
353  366  
27  364  
96  366  
353  364  
358  502  
28  365  
129  502  
358  365  
363  502  
55  366  
96  502  
363  366  
190  386  
56  367  
102  386  
190  367  
354  370  
19  368  
97  370  
354  368  
194  503  
34  369  
102  503  
194  369  
367  503  
56  370  
97  503  
367  370  
191  378  
95  371  
100  378  
191  371  
361  374  
12  372  
98  374  
361  372  
41  373  
100  504  
371  504  
95  374  
98  504  
371  374  
192  379  
145  193  
130  379  
192  193  
2  375  
99  505  
197  506  
34  376  
130  506  
197  376  
193  506  
145  505  
99  506  
193  505  
194  376  
97  377  
130  376  
194  377  
368  380  
19  378  
100  380  
368  378  
373  507  
41  379  
130  507  
373  379  
377  507  
97  380  
100  507  
377  380  
195  539  
57  381  
142  539  
195  381  
338  384  
20  382  
101  384  
338  382  
198  508  
35  383  
142  508  
198  383  
381  508  
57  384  
101  508  
381  384  
196  394  
92  385  
104  394  
196  385  
345  388  
11  386  
102  388  
345  386  
369  509  
34  387  
104  509  
369  387  
385  509  
92  388  
102  509  
385  388  
197  395  
99  389  
131  395  
197  389  
375  392  
2  390  
103  392  
375  390  
35  391  
131  510  
389  510  
99  392  
103  510  
389  392  
198  391  
101  393  
131  391  
198  393  
382  396  
20  394  
104  396  
382  394  
387  511  
34  395  
131  511  
387  395  
393  511  
101  396  
104  511  
393  396  
199  450  
58  397  
118  450  
199  397  
176  400  
21  398  
105  400  
176  398  
202  512  
38  399  
118  512  
202  399  
397  512  
58  400  
105  512  
397  400  
200  410  
85  401  
108  410  
200  401  
309  404  
10  402  
106  404  
309  402  
204  513  
29  403  
108  513  
204  403  
401  513  
85  404  
106  513  
401  404  
201  411  
59  405  
132  411  
201  405  
203  408  
13  406  
107  408  
203  406  
443  514  
38  407  
132  514  
405  514  
59  408  
107  514  
405  408  
202  407  
105  409  
132  407  
202  409  
398  412  
21  410  
108  412  
398  410  
403  515  
29  411  
132  515  
403  411  
409  515  
105  412  
108  515  
409  412  
203  208  
59  413  
60  208  
203  413  
201  416  
29  414  
109  416  
201  414  
207  516  
36  415  
60  516  
207  415  
413  516  
59  416  
109  516  
413  416  
204  424  
106  417  
112  424  
204  417  
402  420  
10  418  
110  420  
402  418  
39  419  
112  517  
417  517  
106  420  
110  517  
417  420  
205  425  
141  206  
133  425  
205  206  
3  421  
111  518  
209  519  
36  422  
133  519  
209  422  
206  519  
141  518  
111  519  
206  518  
207  422  
109  423  
133  422  
207  423  
414  426  
29  424  
112  426  
414  424  
419  520  
39  425  
133  520  
419  425  
423  520  
109  426  
112  520  
423  426  
208  213  
60  427  
61  213  
208  427  
415  430  
36  428  
113  430  
415  428  
212  521  
37  429  
61  521  
212  429  
427  521  
60  430  
113  521  
427  430  
209  438  
111  431  
134  438  
209  431  
421  434  
3  432  
114  434  
421  432  
30  433  
134  522  
431  522  
111  434  
114  522  
431  434  
210  439  
144  211  
135  439  
210  211  
12  435  
115  523  
214  524  
37  436  
135  524  
214  436  
211  524  
144  523  
115  524  
211  523  
212  436  
113  437  
135  436  
212  437  
428  440  
36  438  
134  440  
428  438  
433  525  
30  439  
135  525  
433  439  
437  525  
113  440  
134  525  
437  440  
213  406  
61  441  
107  406  
213  441  
429  444  
37  442  
116  444  
429  442  
216  526  
38  443  
107  526  
216  443  
441  526  
61  444  
116  526  
441  444  
214  454  
115  445  
136  454  
214  445  
435  448  
12  446  
117  448  
435  446  
188  527  
28  447  
136  527  
188  447  
445  527  
115  448  
117  527  
445  448  
215  455  
94  449  
137  455  
215  449  
357  452  
6  450  
118  452  
357  450  
399  528  
38  451  
137  528  
399  451  
449  528  
94  452  
118  528  
449  452  
216  451  
116  453  
137  451  
216  453  
442  456  
37  454  
136  456  
442  454  
447  529  
28  455  
137  529  
447  455  
453  529  
116  456  
136  529  
453  456  
217  270  
218  530  
218  220  
219  457  
220  457  
148  228  
221  531  
221  458  
222  459  
458  459  
223  229  
224  226  
225  264  
225  460  
226  460  
225  227  
228  230  
229  461  
230  461  
155  231  
232  234  
233  462  
234  462  
235  243  
236  238  
237  463  
238  463  
239  244  
240  325  
240  464  
241  465  
464  465  
241  242  
243  245  
244  466  
245  466  
159  246  
247  249  
248  467  
249  467  
250  259  
251  253  
252  468  
253  468  
254  260  
255  257  
256  469  
257  469  
256  258  
259  261  
260  470  
261  470  
224  262  
263  265  
264  471  
265  471  
266  273  
267  269  
268  540  
268  472  
269  472  
162  274  
270  541  
270  473  
271  474  
473  474  
271  272  
273  275  
274  475  
275  475  
276  329  
277  532  
277  279  
278  476  
279  476  
166  287  
280  533  
280  477  
281  478  
477  478  
282  288  
283  285  
284  322  
284  479  
285  479  
284  286  
287  289  
288  480  
289  480  
174  290  
291  293  
292  481  
293  481  
294  301  
295  297  
296  534  
296  482  
297  482  
172  302  
298  535  
298  483  
299  484  
483  484  
299  300  
301  303  
302  485  
303  485  
178  304  
305  307  
306  486  
307  486  
308  317  
309  311  
310  487  
311  487  
312  318  
313  315  
314  488  
315  488  
314  316  
317  319  
318  489  
319  489  
283  320  
321  323  
322  490  
323  490  
324  333  
325  327  
326  491  
327  491  
328  334  
329  331  
330  492  
331  492  
330  332  
333  335  
334  493  
335  493  
195  336  
337  339  
338  494  
339  494  
340  349  
341  343  
342  495  
343  495  
344  350  
345  347  
346  496  
347  496  
346  348  
349  351  
350  497  
351  497  
190  352  
353  355  
354  498  
355  498  
356  364  
357  359  
358  499  
359  499  
360  365  
361  446  
361  500  
362  501  
500  501  
362  363  
364  366  
365  502  
366  502  
367  386  
368  370  
369  503  
370  503  
371  378  
372  374  
373  544  
373  504  
374  504  
193  379  
375  545  
375  505  
376  506  
505  506  
376  377  
378  380  
379  507  
380  507  
381  539  
382  384  
383  508  
384  508  
385  394  
386  388  
387  509  
388  509  
389  395  
390  392  
391  538  
391  510  
392  510  
391  393  
394  396  
395  511  
396  511  
397  450  
398  400  
399  512  
400  512  
401  410  
402  404  
403  513  
404  513  
405  411  
406  408  
407  443  
407  514  
408  514  
407  409  
410  412  
411  515  
412  515  
208  413  
414  416  
415  516  
416  516  
417  424  
418  420  
419  536  
419  517  
420  517  
206  425  
421  537  
421  518  
422  519  
518  519  
422  423  
424  426  
425  520  
426  520  
213  427  
428  430  
429  521  
430  521  
431  438  
432  434  
433  542  
433  522  
434  522  
211  439  
435  543  
435  523  
436  524  
523  524  
436  437  
438  440  
439  525  
440  525  
406  441  
442  444  
443  526  
444  526  
445  454  
446  448  
447  527  
448  527  
449  455  
450  452  
451  528  
452  528  
451  453  
454  456  
455  529  
456  529  
42  146  
14  530  
138  147  
4  531  
47  164  
17  532  
139  165  
8  533  
81  295  
26  534  
140  171  
10  535  
110  418  
39  536  
141  205  
3  537  
103  390  
35  538  
142  383  
7  539  
74  267  
40  540  
143  161  
1  541  
114  432  
30  542  
144  210  
12  543  
98  372  
41  544  
145  192  
2  545  

