1  272  492  
1537  273  275  
5  274  1261  
272  275  1261  
2  3  283  
1538  276  1262  
16  277  1263  
3  1262  1263  
4  278  284  
15  279  281  
63  280  1264  
278  281  1264  
5  282  280  
273  283  285  
277  284  1265  
282  285  1265  
6  286  320  
1539  287  289  
10  288  1266  
286  289  1266  
7  8  297  
1540  290  1267  
24  291  1268  
8  1267  1268  
9  292  298  
23  293  295  
17  294  1269  
292  295  1269  
10  296  294  
287  297  299  
291  298  1270  
296  299  1270  
11  300  324  
20  301  303  
14  302  1271  
300  303  1271  
12  304  312  
19  305  307  
460  306  1272  
304  307  1272  
13  308  313  
467  309  1273  
317  310  1274  
308  1273  1274  
14  311  310  
301  312  314  
306  313  1275  
311  314  1275  
15  315  309  
4  316  318  
18  317  1276  
315  318  1276  
16  319  328  
276  320  322  
288  321  1277  
319  322  1277  
17  323  329  
293  324  326  
302  325  1278  
323  326  1278  
18  327  325  
316  328  330  
321  329  1279  
327  330  1279  
19  331  35  
12  332  334  
22  333  1280  
331  334  1280  
20  335  344  
11  336  338  
32  337  1281  
335  338  1281  
21  339  345  
31  340  342  
36  341  1282  
339  342  1282  
22  343  341  
332  344  346  
337  345  1283  
343  346  1283  
23  347  383  
9  348  350  
26  349  1284  
347  350  1284  
24  351  360  
290  352  354  
130  353  1285  
351  354  1285  
25  355  361  
129  356  358  
33  357  1286  
355  358  1286  
26  359  357  
348  360  362  
353  361  1287  
359  362  1287  
27  363  387  
127  364  366  
30  365  1288  
363  366  1288  
28  367  375  
722  368  1289  
40  369  1290  
367  1289  1290  
29  370  376  
39  371  373  
380  372  1291  
370  373  1291  
30  374  372  
364  375  377  
369  376  1292  
374  377  1292  
31  378  371  
21  379  381  
34  380  1293  
378  381  1293  
32  382  391  
336  383  385  
349  384  1294  
382  385  1294  
33  386  392  
356  387  389  
365  388  1295  
386  389  1295  
34  390  388  
379  391  393  
384  392  1296  
390  393  1296  
35  394  51  
333  395  397  
38  396  1297  
394  397  1297  
36  398  407  
340  399  401  
48  400  1298  
398  401  1298  
37  402  408  
47  403  405  
52  404  1299  
402  405  1299  
38  406  404  
395  407  409  
400  408  1300  
406  409  1300  
39  410  447  
29  411  413  
42  412  1301  
410  413  1301  
40  414  423  
368  415  417  
142  416  1302  
414  417  1302  
41  418  424  
141  419  421  
49  420  1303  
418  421  1303  
42  422  420  
411  423  425  
416  424  1304  
422  425  1304  
43  426  451  
138  427  429  
46  428  1305  
426  429  1305  
44  430  439  
137  431  433  
56  432  1306  
430  433  1306  
45  434  440  
55  435  437  
444  436  1307  
434  437  1307  
46  438  436  
427  439  441  
432  440  1308  
438  441  1308  
47  442  435  
37  443  445  
50  444  1309  
442  445  1309  
48  446  455  
399  447  449  
412  448  1310  
446  449  1310  
49  450  456  
419  451  453  
428  452  1311  
450  453  1311  
50  454  452  
443  455  457  
448  456  1312  
454  457  1312  
51  458  305  
396  459  461  
54  460  1313  
458  461  1313  
52  462  471  
403  463  465  
66  464  1314  
462  465  1314  
53  466  472  
65  467  469  
13  468  1315  
466  469  1315  
54  470  468  
459  471  473  
464  472  1316  
470  473  1316  
55  474  507  
45  475  477  
59  476  1317  
474  477  1317  
56  478  485  
431  479  481  
1557  480  1318  
478  481  1318  
57  58  486  
1558  482  1319  
67  483  1320  
58  1319  1320  
59  484  483  
475  485  487  
480  486  1321  
484  487  1321  
60  488  511  
1559  489  491  
64  490  1322  
488  491  1322  
61  62  499  
1560  492  1323  
274  493  1324  
62  1323  1324  
63  494  500  
279  495  497  
504  496  1325  
494  497  1325  
64  498  496  
489  499  501  
493  500  1326  
498  501  1326  
65  502  495  
53  503  505  
68  504  1327  
502  505  1327  
66  506  515  
463  507  509  
476  508  1328  
506  509  1328  
67  510  516  
482  511  513  
490  512  1329  
510  513  1329  
68  514  512  
503  515  517  
508  516  1330  
514  517  1330  
69  518  738  
1541  519  521  
73  520  1331  
518  521  1331  
70  71  529  
1542  522  1332  
84  523  1333  
71  1332  1333  
72  524  530  
83  525  527  
131  526  1334  
524  527  1334  
73  528  526  
519  529  531  
523  530  1335  
528  531  1335  
74  532  566  
1543  533  535  
78  534  1336  
532  535  1336  
75  76  543  
1544  536  1337  
92  537  1338  
76  1337  1338  
77  538  544  
91  539  541  
85  540  1339  
538  541  1339  
78  542  540  
533  543  545  
537  544  1340  
542  545  1340  
79  546  570  
88  547  549  
82  548  1341  
546  549  1341  
80  550  558  
87  551  553  
703  552  1342  
550  553  1342  
81  554  559  
710  555  1343  
563  556  1344  
554  1343  1344  
82  557  556  
547  558  560  
552  559  1345  
557  560  1345  
83  561  555  
72  562  564  
86  563  1346  
561  564  1346  
84  565  574  
522  566  568  
534  567  1347  
565  568  1347  
85  569  575  
539  570  572  
548  571  1348  
569  572  1348  
86  573  571  
562  574  576  
567  575  1349  
573  576  1349  
87  577  105  
80  578  580  
90  579  1350  
577  580  1350  
88  581  590  
79  582  584  
102  583  1351  
581  584  1351  
89  585  591  
101  586  588  
106  587  1352  
585  588  1352  
90  589  587  
578  590  592  
583  591  1353  
589  592  1353  
91  593  626  
77  594  596  
95  595  1354  
593  596  1354  
92  597  604  
536  598  600  
1545  599  1355  
597  600  1355  
93  94  605  
1546  601  1356  
103  602  1357  
94  1356  1357  
95  603  602  
594  604  606  
599  605  1358  
603  606  1358  
96  607  630  
1547  608  610  
100  609  1359  
607  610  1359  
97  98  618  
1548  611  1360  
110  612  1361  
98  1360  1361  
99  613  619  
109  614  616  
623  615  1362  
613  616  1362  
100  617  615  
608  618  620  
612  619  1363  
617  620  1363  
101  621  614  
89  622  624  
104  623  1364  
621  624  1364  
102  625  634  
582  626  628  
595  627  1365  
625  628  1365  
103  629  635  
601  630  632  
609  631  1366  
629  632  1366  
104  633  631  
622  634  636  
627  635  1367  
633  636  1367  
105  637  121  
579  638  640  
108  639  1368  
637  640  1368  
106  641  650  
586  642  644  
118  643  1369  
641  644  1369  
107  645  651  
117  646  648  
122  647  1370  
645  648  1370  
108  649  647  
638  650  652  
643  651  1371  
649  652  1371  
109  653  690  
99  654  656  
112  655  1372  
653  656  1372  
110  657  666  
611  658  660  
209  659  1373  
657  660  1373  
111  661  667  
208  662  664  
119  663  1374  
661  664  1374  
112  665  663  
654  666  668  
659  667  1375  
665  668  1375  
113  669  694  
205  670  672  
116  671  1376  
669  672  1376  
114  673  682  
204  674  676  
126  675  1377  
673  676  1377  
115  677  683  
125  678  680  
687  679  1378  
677  680  1378  
116  681  679  
670  682  684  
675  683  1379  
681  684  1379  
117  685  678  
107  686  688  
120  687  1380  
685  688  1380  
118  689  698  
642  690  692  
655  691  1381  
689  692  1381  
119  693  699  
662  694  696  
671  695  1382  
693  696  1382  
120  697  695  
686  698  700  
691  699  1383  
697  700  1383  
121  701  551  
639  702  704  
124  703  1384  
701  704  1384  
122  705  714  
646  706  708  
134  707  1385  
705  708  1385  
123  709  715  
133  710  712  
81  711  1386  
709  712  1386  
124  713  711  
702  714  716  
707  715  1387  
713  716  1387  
125  717  754  
115  718  720  
128  719  1388  
717  720  1388  
126  721  730  
674  722  724  
28  723  1389  
721  724  1389  
127  725  731  
27  726  728  
135  727  1390  
725  728  1390  
128  729  727  
718  730  732  
723  731  1391  
729  732  1391  
129  733  758  
25  734  736  
132  735  1392  
733  736  1392  
130  737  746  
352  738  740  
520  739  1393  
737  740  1393  
131  741  747  
525  742  744  
751  743  1394  
741  744  1394  
132  745  743  
734  746  748  
739  747  1395  
745  748  1395  
133  749  742  
123  750  752  
136  751  1396  
749  752  1396  
134  753  762  
706  754  756  
719  755  1397  
753  756  1397  
135  757  763  
726  758  760  
735  759  1398  
757  760  1398  
136  761  759  
750  762  764  
755  763  1399  
761  764  1399  
137  765  187  
44  766  768  
140  767  1400  
765  768  1400  
138  769  778  
43  770  772  
150  771  1401  
769  772  1401  
139  773  779  
149  774  776  
188  775  1402  
773  776  1402  
140  777  775  
766  778  780  
771  779  1403  
777  780  1403  
141  781  818  
41  782  784  
144  783  1404  
781  784  1404  
142  785  794  
415  786  788  
158  787  1405  
785  788  1405  
143  789  795  
157  790  792  
151  791  1406  
789  792  1406  
144  793  791  
782  794  796  
787  795  1407  
793  796  1407  
145  797  822  
154  798  800  
148  799  1408  
797  800  1408  
146  801  810  
153  802  804  
192  803  1409  
801  804  1409  
147  805  811  
191  806  808  
815  807  1410  
805  808  1410  
148  809  807  
798  810  812  
803  811  1411  
809  812  1411  
149  813  806  
139  814  816  
152  815  1412  
813  816  1412  
150  817  826  
770  818  820  
783  819  1413  
817  820  1413  
151  821  827  
790  822  824  
799  823  1414  
821  824  1414  
152  825  823  
814  826  828  
819  827  1415  
825  828  1415  
153  829  169  
146  830  832  
156  831  1416  
829  832  1416  
154  833  842  
145  834  836  
166  835  1417  
833  836  1417  
155  837  843  
165  838  840  
170  839  1418  
837  840  1418  
156  841  839  
830  842  844  
835  843  1419  
841  844  1419  
157  845  881  
143  846  848  
160  847  1420  
845  848  1420  
158  849  858  
786  850  852  
265  851  1421  
849  852  1421  
159  853  859  
264  854  856  
167  855  1422  
853  856  1422  
160  857  855  
846  858  860  
851  859  1423  
857  860  1423  
161  861  885  
262  862  864  
164  863  1424  
861  864  1424  
162  865  873  
1218  866  1425  
174  867  1426  
865  1425  1426  
163  868  874  
173  869  871  
878  870  1427  
868  871  1427  
164  872  870  
862  873  875  
867  874  1428  
872  875  1428  
165  876  869  
155  877  879  
168  878  1429  
876  879  1429  
166  880  889  
834  881  883  
847  882  1430  
880  883  1430  
167  884  890  
854  885  887  
863  886  1431  
884  887  1431  
168  888  886  
877  889  891  
882  890  1432  
888  891  1432  
169  892  973  
831  893  895  
172  894  1433  
892  895  1433  
170  896  905  
838  897  899  
184  898  1434  
896  899  1434  
171  900  906  
183  901  903  
193  902  1435  
900  903  1435  
172  904  902  
893  905  907  
898  906  1436  
904  907  1436  
173  908  941  
163  909  911  
177  910  1437  
908  911  1437  
174  912  919  
866  913  915  
1565  914  1438  
912  915  1438  
175  176  920  
1566  916  1439  
185  917  1440  
176  1439  1440  
177  918  917  
909  919  921  
914  920  1441  
918  921  1441  
178  922  945  
1567  923  925  
182  924  1442  
922  925  1442  
179  180  933  
1568  926  1443  
196  927  1444  
180  1443  1444  
181  928  934  
195  929  931  
938  930  1445  
928  931  1445  
182  932  930  
923  933  935  
927  934  1446  
932  935  1446  
183  936  929  
171  937  939  
186  938  1447  
936  939  1447  
184  940  949  
897  941  943  
910  942  1448  
940  943  1448  
185  944  950  
916  945  947  
924  946  1449  
944  947  1449  
186  948  946  
937  949  951  
942  950  1450  
948  951  1450  
187  952  1556  
767  953  955  
190  954  1451  
952  955  1451  
188  956  965  
774  957  959  
201  958  1452  
956  959  1452  
189  960  966  
200  961  963  
1555  962  1453  
960  963  1453  
190  964  962  
953  965  967  
958  966  1454  
964  967  1454  
191  968  1003  
147  969  971  
194  970  1455  
968  971  1455  
192  972  981  
802  973  975  
894  974  1456  
972  975  1456  
193  976  982  
901  977  979  
202  978  1457  
976  979  1457  
194  980  978  
969  981  983  
974  982  1458  
980  983  1458  
195  984  1007  
181  985  987  
199  986  1459  
984  987  1459  
196  988  995  
926  989  991  
1553  990  1460  
988  991  1460  
197  198  996  
1554  992  1461  
1000  993  1462  
198  1461  1462  
199  994  993  
985  995  997  
990  996  1463  
994  997  1463  
200  998  992  
189  999  1001  
203  1000  1464  
998  1001  1464  
201  1002  1011  
957  1003  1005  
970  1004  1465  
1002  1005  1465  
202  1006  1012  
977  1007  1009  
986  1008  1466  
1006  1009  1466  
203  1010  1008  
999  1011  1013  
1004  1012  1467  
1010  1013  1467  
204  1014  1234  
114  1015  1017  
207  1016  1468  
1014  1017  1468  
205  1018  1027  
113  1019  1021  
217  1020  1469  
1018  1021  1469  
206  1022  1028  
216  1023  1025  
266  1024  1470  
1022  1025  1470  
207  1026  1024  
1015  1027  1029  
1020  1028  1471  
1026  1029  1471  
208  1030  1066  
111  1031  1033  
211  1032  1472  
1030  1033  1472  
209  1034  1043  
658  1035  1037  
225  1036  1473  
1034  1037  1473  
210  1038  1044  
224  1039  1041  
218  1040  1474  
1038  1041  1474  
211  1042  1040  
1031  1043  1045  
1036  1044  1475  
1042  1045  1475  
212  1046  1070  
221  1047  1049  
215  1048  1476  
1046  1049  1476  
213  1050  1058  
220  1051  1053  
1199  1052  1477  
1050  1053  1477  
214  1054  1059  
1206  1055  1478  
1063  1056  1479  
1054  1478  1479  
215  1057  1056  
1047  1058  1060  
1052  1059  1480  
1057  1060  1480  
216  1061  1055  
206  1062  1064  
219  1063  1481  
1061  1064  1481  
217  1065  1074  
1019  1066  1068  
1032  1067  1482  
1065  1068  1482  
218  1069  1075  
1039  1070  1072  
1048  1071  1483  
1069  1072  1483  
219  1073  1071  
1062  1074  1076  
1067  1075  1484  
1073  1076  1484  
220  1077  238  
213  1078  1080  
223  1079  1485  
1077  1080  1485  
221  1081  1090  
212  1082  1084  
235  1083  1486  
1081  1084  1486  
222  1085  1091  
234  1086  1088  
239  1087  1487  
1085  1088  1487  
223  1089  1087  
1078  1090  1092  
1083  1091  1488  
1089  1092  1488  
224  1093  1126  
210  1094  1096  
228  1095  1489  
1093  1096  1489  
225  1097  1104  
1035  1098  1100  
1549  1099  1490  
1097  1100  1490  
226  227  1105  
1550  1101  1491  
236  1102  1492  
227  1491  1492  
228  1103  1102  
1094  1104  1106  
1099  1105  1493  
1103  1106  1493  
229  1107  1130  
1551  1108  1110  
233  1109  1494  
1107  1110  1494  
230  231  1118  
1552  1111  1495  
243  1112  1496  
231  1495  1496  
232  1113  1119  
242  1114  1116  
1123  1115  1497  
1113  1116  1497  
233  1117  1115  
1108  1118  1120  
1112  1119  1498  
1117  1120  1498  
234  1121  1114  
222  1122  1124  
237  1123  1499  
1121  1124  1499  
235  1125  1134  
1082  1126  1128  
1095  1127  1500  
1125  1128  1500  
236  1129  1135  
1101  1130  1132  
1109  1131  1501  
1129  1132  1501  
237  1133  1131  
1122  1134  1136  
1127  1135  1502  
1133  1136  1502  
238  1137  256  
1079  1138  1140  
241  1139  1503  
1137  1140  1503  
239  1141  1150  
1086  1142  1144  
253  1143  1504  
1141  1144  1504  
240  1145  1151  
252  1146  1148  
257  1147  1505  
1145  1148  1505  
241  1149  1147  
1138  1150  1152  
1143  1151  1506  
1149  1152  1506  
242  1153  1186  
232  1154  1156  
246  1155  1507  
1153  1156  1507  
243  1157  1164  
1111  1158  1160  
1561  1159  1508  
1157  1160  1508  
244  245  1165  
1562  1161  1509  
254  1162  1510  
245  1509  1510  
246  1163  1162  
1154  1164  1166  
1159  1165  1511  
1163  1166  1511  
247  1167  1190  
1563  1168  1170  
251  1169  1512  
1167  1170  1512  
248  249  1178  
1564  1171  1513  
261  1172  1514  
249  1513  1514  
250  1173  1179  
260  1174  1176  
1183  1175  1515  
1173  1176  1515  
251  1177  1175  
1168  1178  1180  
1172  1179  1516  
1177  1180  1516  
252  1181  1174  
240  1182  1184  
255  1183  1517  
1181  1184  1517  
253  1185  1194  
1142  1186  1188  
1155  1187  1518  
1185  1188  1518  
254  1189  1195  
1161  1190  1192  
1169  1191  1519  
1189  1192  1519  
255  1193  1191  
1182  1194  1196  
1187  1195  1520  
1193  1196  1520  
256  1197  1051  
1139  1198  1200  
259  1199  1521  
1197  1200  1521  
257  1201  1210  
1146  1202  1204  
269  1203  1522  
1201  1204  1522  
258  1205  1211  
268  1206  1208  
214  1207  1523  
1205  1208  1523  
259  1209  1207  
1198  1210  1212  
1203  1211  1524  
1209  1212  1524  
260  1213  1250  
250  1214  1216  
263  1215  1525  
1213  1216  1525  
261  1217  1226  
1171  1218  1220  
162  1219  1526  
1217  1220  1526  
262  1221  1227  
161  1222  1224  
270  1223  1527  
1221  1224  1527  
263  1225  1223  
1214  1226  1228  
1219  1227  1528  
1225  1228  1528  
264  1229  1254  
159  1230  1232  
267  1231  1529  
1229  1232  1529  
265  1233  1242  
850  1234  1236  
1016  1235  1530  
1233  1236  1530  
266  1237  1243  
1023  1238  1240  
1247  1239  1531  
1237  1240  1531  
267  1241  1239  
1230  1242  1244  
1235  1243  1532  
1241  1244  1532  
268  1245  1238  
258  1246  1248  
271  1247  1533  
1245  1248  1533  
269  1249  1258  
1202  1250  1252  
1215  1251  1534  
1249  1252  1534  
270  1253  1259  
1222  1254  1256  
1231  1255  1535  
1253  1256  1535  
271  1257  1255  
1246  1258  1260  
1251  1259  1536  
1257  1260  1536  

