1  273  472  
1545  274  276  
5  275  1252  
273  276  1252  
2  3  284  
1546  277  1253  
16  278  1254  
3  1253  1254  
4  279  285  
15  280  282  
59  281  1255  
279  282  1255  
5  283  281  
274  284  286  
278  285  1256  
283  286  1256  
6  287  320  
1547  288  290  
10  289  1257  
287  290  1257  
7  8  297  
1548  291  1258  
333  292  1259  
8  1258  1259  
9  293  298  
340  294  1260  
17  295  1261  
293  1260  1261  
10  296  295  
288  297  299  
292  298  1262  
296  299  1262  
11  300  324  
29  301  303  
14  302  1263  
300  303  1263  
12  304  312  
366  305  1264  
62  306  1265  
304  1264  1265  
13  307  313  
61  308  310  
317  309  1266  
307  310  1266  
14  311  309  
301  312  314  
306  313  1267  
311  314  1267  
15  315  308  
4  316  318  
18  317  1268  
315  318  1268  
16  319  328  
277  320  322  
289  321  1269  
319  322  1269  
17  323  329  
294  324  326  
302  325  1270  
323  326  1270  
18  327  325  
316  328  330  
321  329  1271  
327  330  1271  
19  331  291  
130  332  334  
22  333  1272  
331  334  1272  
20  335  344  
129  336  338  
32  337  1273  
335  338  1273  
21  339  345  
31  340  342  
9  341  1274  
339  342  1274  
22  343  341  
332  344  346  
337  345  1275  
343  346  1275  
23  347  381  
127  348  350  
26  349  1276  
347  350  1276  
24  351  358  
716  352  1277  
394  353  1278  
351  1277  1278  
25  354  359  
401  355  1279  
33  356  1280  
354  1279  1280  
26  357  356  
348  358  360  
353  359  1281  
357  360  1281  
27  361  385  
45  362  364  
30  363  1282  
361  364  1282  
28  365  373  
428  366  1283  
12  367  1284  
365  1283  1284  
29  368  374  
11  369  371  
378  370  1285  
368  371  1285  
30  372  370  
362  373  375  
367  374  1286  
372  375  1286  
31  376  369  
21  377  379  
34  378  1287  
376  379  1287  
32  380  389  
336  381  383  
349  382  1288  
380  383  1288  
33  384  390  
355  385  387  
363  386  1289  
384  387  1289  
34  388  386  
377  389  391  
382  390  1290  
388  391  1290  
35  392  352  
142  393  395  
38  394  1291  
392  395  1291  
36  396  405  
141  397  399  
48  398  1292  
396  399  1292  
37  400  406  
47  401  403  
25  402  1293  
400  403  1293  
38  404  402  
393  405  407  
398  406  1294  
404  407  1294  
39  408  443  
138  409  411  
42  410  1295  
408  411  1295  
40  412  420  
137  413  415  
456  414  1296  
412  415  1296  
41  416  421  
461  417  1297  
49  418  1298  
416  1297  1298  
42  419  418  
409  420  422  
414  421  1299  
419  422  1299  
43  423  447  
63  424  426  
46  425  1300  
423  426  1300  
44  427  435  
487  428  1301  
28  429  1302  
427  1301  1302  
45  430  436  
27  431  433  
440  432  1303  
430  433  1303  
46  434  432  
424  435  437  
429  436  1304  
434  437  1304  
47  438  431  
37  439  441  
50  440  1305  
438  441  1305  
48  442  451  
397  443  445  
410  444  1306  
442  445  1306  
49  446  452  
417  447  449  
425  448  1307  
446  449  1307  
50  450  448  
439  451  453  
444  452  1308  
450  453  1308  
51  454  413  
1541  455  457  
55  456  1309  
454  457  1309  
52  53  465  
1542  458  1310  
66  459  1311  
53  1310  1311  
54  460  466  
65  461  463  
41  462  1312  
460  463  1312  
55  464  462  
455  465  467  
459  466  1313  
464  467  1313  
56  468  503  
1543  469  471  
60  470  1314  
468  471  1314  
57  58  479  
1544  472  1315  
275  473  1316  
58  1315  1316  
59  474  480  
280  475  477  
67  476  1317  
474  477  1317  
60  478  476  
469  479  481  
473  480  1318  
478  481  1318  
61  482  507  
13  483  485  
64  484  1319  
482  485  1319  
62  486  495  
305  487  489  
44  488  1320  
486  489  1320  
63  490  496  
43  491  493  
500  492  1321  
490  493  1321  
64  494  492  
483  495  497  
488  496  1322  
494  497  1322  
65  498  491  
54  499  501  
68  500  1323  
498  501  1323  
66  502  511  
458  503  505  
470  504  1324  
502  505  1324  
67  506  512  
475  507  509  
484  508  1325  
506  509  1325  
68  510  508  
499  511  513  
504  512  1326  
510  513  1326  
69  514  732  
1549  515  517  
73  516  1327  
514  517  1327  
70  71  525  
1550  518  1328  
84  519  1329  
71  1328  1329  
72  520  526  
83  521  523  
131  522  1330  
520  523  1330  
73  524  522  
515  525  527  
519  526  1331  
524  527  1331  
74  528  560  
1551  529  531  
78  530  1332  
528  531  1332  
75  76  538  
1552  532  1333  
573  533  1334  
76  1333  1334  
77  534  539  
578  535  1335  
85  536  1336  
534  1335  1336  
78  537  536  
529  538  540  
533  539  1337  
537  540  1337  
79  541  564  
99  542  544  
82  543  1338  
541  544  1338  
80  545  552  
604  546  1339  
697  547  1340  
545  1339  1340  
81  548  553  
704  549  1341  
557  550  1342  
548  1341  1342  
82  551  550  
542  552  554  
547  553  1343  
551  554  1343  
83  555  549  
72  556  558  
86  557  1344  
555  558  1344  
84  559  568  
518  560  562  
530  561  1345  
559  562  1345  
85  563  569  
535  564  566  
543  565  1346  
563  566  1346  
86  567  565  
556  568  570  
561  569  1347  
567  570  1347  
87  571  532  
1553  572  574  
91  573  1348  
571  574  1348  
88  89  582  
1554  575  1349  
102  576  1350  
89  1349  1350  
90  577  583  
101  578  580  
77  579  1351  
577  580  1351  
91  581  579  
572  582  584  
576  583  1352  
581  584  1352  
92  585  620  
1555  586  588  
96  587  1353  
585  588  1353  
93  94  596  
1556  589  1354  
110  590  1355  
94  1354  1355  
95  591  597  
109  592  594  
103  593  1356  
591  594  1356  
96  595  593  
586  596  598  
590  597  1357  
595  598  1357  
97  599  624  
106  600  602  
100  601  1358  
599  602  1358  
98  603  612  
105  604  606  
80  605  1359  
603  606  1359  
99  607  613  
79  608  610  
617  609  1360  
607  610  1360  
100  611  609  
600  612  614  
605  613  1361  
611  614  1361  
101  615  608  
90  616  618  
104  617  1362  
615  618  1362  
102  619  628  
575  620  622  
587  621  1363  
619  622  1363  
103  623  629  
592  624  626  
601  625  1364  
623  626  1364  
104  627  625  
616  628  630  
621  629  1365  
627  630  1365  
105  631  121  
98  632  634  
108  633  1366  
631  634  1366  
106  635  644  
97  636  638  
118  637  1367  
635  638  1367  
107  639  645  
117  640  642  
122  641  1368  
639  642  1368  
108  643  641  
632  644  646  
637  645  1369  
643  646  1369  
109  647  684  
95  648  650  
112  649  1370  
647  650  1370  
110  651  660  
589  652  654  
210  653  1371  
651  654  1371  
111  655  661  
209  656  658  
119  657  1372  
655  658  1372  
112  659  657  
648  660  662  
653  661  1373  
659  662  1373  
113  663  688  
206  664  666  
116  665  1374  
663  666  1374  
114  667  676  
205  668  670  
126  669  1375  
667  670  1375  
115  671  677  
125  672  674  
681  673  1376  
671  674  1376  
116  675  673  
664  676  678  
669  677  1377  
675  678  1377  
117  679  672  
107  680  682  
120  681  1378  
679  682  1378  
118  683  692  
636  684  686  
649  685  1379  
683  686  1379  
119  687  693  
656  688  690  
665  689  1380  
687  690  1380  
120  691  689  
680  692  694  
685  693  1381  
691  694  1381  
121  695  546  
633  696  698  
124  697  1382  
695  698  1382  
122  699  708  
640  700  702  
134  701  1383  
699  702  1383  
123  703  709  
133  704  706  
81  705  1384  
703  706  1384  
124  707  705  
696  708  710  
701  709  1385  
707  710  1385  
125  711  748  
115  712  714  
128  713  1386  
711  714  1386  
126  715  724  
668  716  718  
24  717  1387  
715  718  1387  
127  719  725  
23  720  722  
135  721  1388  
719  722  1388  
128  723  721  
712  724  726  
717  725  1389  
723  726  1389  
129  727  752  
20  728  730  
132  729  1390  
727  730  1390  
130  731  740  
19  732  734  
516  733  1391  
731  734  1391  
131  735  741  
521  736  738  
745  737  1392  
735  738  1392  
132  739  737  
728  740  742  
733  741  1393  
739  742  1393  
133  743  736  
123  744  746  
136  745  1394  
743  746  1394  
134  747  756  
700  748  750  
713  749  1395  
747  750  1395  
135  751  757  
720  752  754  
729  753  1396  
751  754  1396  
136  755  753  
744  756  758  
749  757  1397  
755  758  1397  
137  759  979  
40  760  762  
140  761  1398  
759  762  1398  
138  763  772  
39  764  766  
150  765  1399  
763  766  1399  
139  767  773  
149  768  770  
199  769  1400  
767  770  1400  
140  771  769  
760  772  774  
765  773  1401  
771  774  1401  
141  775  811  
36  776  778  
144  777  1402  
775  778  1402  
142  779  788  
35  780  782  
158  781  1403  
779  782  1403  
143  783  789  
157  784  786  
151  785  1404  
783  786  1404  
144  787  785  
776  788  790  
781  789  1405  
787  790  1405  
145  791  815  
154  792  794  
148  793  1406  
791  794  1406  
146  795  803  
153  796  798  
947  797  1407  
795  798  1407  
147  799  804  
954  800  1408  
808  801  1409  
799  1408  1409  
148  802  801  
792  803  805  
797  804  1410  
802  805  1410  
149  806  800  
139  807  809  
152  808  1411  
806  809  1411  
150  810  819  
764  811  813  
777  812  1412  
810  813  1412  
151  814  820  
784  815  817  
793  816  1413  
814  817  1413  
152  818  816  
807  819  821  
812  820  1414  
818  821  1414  
153  822  169  
146  823  825  
156  824  1415  
822  825  1415  
154  826  835  
145  827  829  
166  828  1416  
826  829  1416  
155  830  836  
165  831  833  
170  832  1417  
830  833  1417  
156  834  832  
823  835  837  
828  836  1418  
834  837  1418  
157  838  874  
143  839  841  
160  840  1419  
838  841  1419  
158  842  851  
780  843  845  
266  844  1420  
842  845  1420  
159  846  852  
265  847  849  
167  848  1421  
846  849  1421  
160  850  848  
839  851  853  
844  852  1422  
850  853  1422  
161  854  878  
263  855  857  
164  856  1423  
854  857  1423  
162  858  866  
1209  859  1424  
174  860  1425  
858  1424  1425  
163  861  867  
173  862  864  
871  863  1426  
861  864  1426  
164  865  863  
855  866  868  
860  867  1427  
865  868  1427  
165  869  862  
155  870  872  
168  871  1428  
869  872  1428  
166  873  882  
827  874  876  
840  875  1429  
873  876  1429  
167  877  883  
847  878  880  
856  879  1430  
877  880  1430  
168  881  879  
870  882  884  
875  883  1431  
881  884  1431  
169  885  187  
824  886  888  
172  887  1432  
885  888  1432  
170  889  898  
831  890  892  
184  891  1433  
889  892  1433  
171  893  899  
183  894  896  
188  895  1434  
893  896  1434  
172  897  895  
886  898  900  
891  899  1435  
897  900  1435  
173  901  934  
163  902  904  
177  903  1436  
901  904  1436  
174  905  912  
859  906  908  
1565  907  1437  
905  908  1437  
175  176  913  
1566  909  1438  
185  910  1439  
176  1438  1439  
177  911  910  
902  912  914  
907  913  1440  
911  914  1440  
178  915  938  
1567  916  918  
182  917  1441  
915  918  1441  
179  180  926  
1568  919  1442  
192  920  1443  
180  1442  1443  
181  921  927  
191  922  924  
931  923  1444  
921  924  1444  
182  925  923  
916  926  928  
920  927  1445  
925  928  1445  
183  929  922  
171  930  932  
186  931  1446  
929  932  1446  
184  933  942  
890  934  936  
903  935  1447  
933  936  1447  
185  937  943  
909  938  940  
917  939  1448  
937  940  1448  
186  941  939  
930  942  944  
935  943  1449  
941  944  1449  
187  945  796  
887  946  948  
190  947  1450  
945  948  1450  
188  949  958  
894  950  952  
202  951  1451  
949  952  1451  
189  953  959  
201  954  956  
147  955  1452  
953  956  1452  
190  957  955  
946  958  960  
951  959  1453  
957  960  1453  
191  961  994  
181  962  964  
195  963  1454  
961  964  1454  
192  965  972  
919  966  968  
1537  967  1455  
965  968  1455  
193  194  973  
1538  969  1456  
203  970  1457  
194  1456  1457  
195  971  970  
962  972  974  
967  973  1458  
971  974  1458  
196  975  998  
1539  976  978  
200  977  1459  
975  978  1459  
197  198  986  
1540  979  1460  
761  980  1461  
198  1460  1461  
199  981  987  
768  982  984  
991  983  1462  
981  984  1462  
200  985  983  
976  986  988  
980  987  1463  
985  988  1463  
201  989  982  
189  990  992  
204  991  1464  
989  992  1464  
202  993  1002  
950  994  996  
963  995  1465  
993  996  1465  
203  997  1003  
969  998  1000  
977  999  1466  
997  1000  1466  
204  1001  999  
990  1002  1004  
995  1003  1467  
1001  1004  1467  
205  1005  1225  
114  1006  1008  
208  1007  1468  
1005  1008  1468  
206  1009  1018  
113  1010  1012  
218  1011  1469  
1009  1012  1469  
207  1013  1019  
217  1014  1016  
267  1015  1470  
1013  1016  1470  
208  1017  1015  
1006  1018  1020  
1011  1019  1471  
1017  1020  1471  
209  1021  1057  
111  1022  1024  
212  1023  1472  
1021  1024  1472  
210  1025  1034  
652  1026  1028  
226  1027  1473  
1025  1028  1473  
211  1029  1035  
225  1030  1032  
219  1031  1474  
1029  1032  1474  
212  1033  1031  
1022  1034  1036  
1027  1035  1475  
1033  1036  1475  
213  1037  1061  
222  1038  1040  
216  1039  1476  
1037  1040  1476  
214  1041  1049  
221  1042  1044  
1190  1043  1477  
1041  1044  1477  
215  1045  1050  
1197  1046  1478  
1054  1047  1479  
1045  1478  1479  
216  1048  1047  
1038  1049  1051  
1043  1050  1480  
1048  1051  1480  
217  1052  1046  
207  1053  1055  
220  1054  1481  
1052  1055  1481  
218  1056  1065  
1010  1057  1059  
1023  1058  1482  
1056  1059  1482  
219  1060  1066  
1030  1061  1063  
1039  1062  1483  
1060  1063  1483  
220  1064  1062  
1053  1065  1067  
1058  1066  1484  
1064  1067  1484  
221  1068  239  
214  1069  1071  
224  1070  1485  
1068  1071  1485  
222  1072  1081  
213  1073  1075  
236  1074  1486  
1072  1075  1486  
223  1076  1082  
235  1077  1079  
240  1078  1487  
1076  1079  1487  
224  1080  1078  
1069  1081  1083  
1074  1082  1488  
1080  1083  1488  
225  1084  1117  
211  1085  1087  
229  1086  1489  
1084  1087  1489  
226  1088  1095  
1026  1089  1091  
1557  1090  1490  
1088  1091  1490  
227  228  1096  
1558  1092  1491  
237  1093  1492  
228  1491  1492  
229  1094  1093  
1085  1095  1097  
1090  1096  1493  
1094  1097  1493  
230  1098  1121  
1559  1099  1101  
234  1100  1494  
1098  1101  1494  
231  232  1109  
1560  1102  1495  
244  1103  1496  
232  1495  1496  
233  1104  1110  
243  1105  1107  
1114  1106  1497  
1104  1107  1497  
234  1108  1106  
1099  1109  1111  
1103  1110  1498  
1108  1111  1498  
235  1112  1105  
223  1113  1115  
238  1114  1499  
1112  1115  1499  
236  1116  1125  
1073  1117  1119  
1086  1118  1500  
1116  1119  1500  
237  1120  1126  
1092  1121  1123  
1100  1122  1501  
1120  1123  1501  
238  1124  1122  
1113  1125  1127  
1118  1126  1502  
1124  1127  1502  
239  1128  257  
1070  1129  1131  
242  1130  1503  
1128  1131  1503  
240  1132  1141  
1077  1133  1135  
254  1134  1504  
1132  1135  1504  
241  1136  1142  
253  1137  1139  
258  1138  1505  
1136  1139  1505  
242  1140  1138  
1129  1141  1143  
1134  1142  1506  
1140  1143  1506  
243  1144  1177  
233  1145  1147  
247  1146  1507  
1144  1147  1507  
244  1148  1155  
1102  1149  1151  
1561  1150  1508  
1148  1151  1508  
245  246  1156  
1562  1152  1509  
255  1153  1510  
246  1509  1510  
247  1154  1153  
1145  1155  1157  
1150  1156  1511  
1154  1157  1511  
248  1158  1181  
1563  1159  1161  
252  1160  1512  
1158  1161  1512  
249  250  1169  
1564  1162  1513  
262  1163  1514  
250  1513  1514  
251  1164  1170  
261  1165  1167  
1174  1166  1515  
1164  1167  1515  
252  1168  1166  
1159  1169  1171  
1163  1170  1516  
1168  1171  1516  
253  1172  1165  
241  1173  1175  
256  1174  1517  
1172  1175  1517  
254  1176  1185  
1133  1177  1179  
1146  1178  1518  
1176  1179  1518  
255  1180  1186  
1152  1181  1183  
1160  1182  1519  
1180  1183  1519  
256  1184  1182  
1173  1185  1187  
1178  1186  1520  
1184  1187  1520  
257  1188  1042  
1130  1189  1191  
260  1190  1521  
1188  1191  1521  
258  1192  1201  
1137  1193  1195  
270  1194  1522  
1192  1195  1522  
259  1196  1202  
269  1197  1199  
215  1198  1523  
1196  1199  1523  
260  1200  1198  
1189  1201  1203  
1194  1202  1524  
1200  1203  1524  
261  1204  1241  
251  1205  1207  
264  1206  1525  
1204  1207  1525  
262  1208  1217  
1162  1209  1211  
162  1210  1526  
1208  1211  1526  
263  1212  1218  
161  1213  1215  
271  1214  1527  
1212  1215  1527  
264  1216  1214  
1205  1217  1219  
1210  1218  1528  
1216  1219  1528  
265  1220  1245  
159  1221  1223  
268  1222  1529  
1220  1223  1529  
266  1224  1233  
843  1225  1227  
1007  1226  1530  
1224  1227  1530  
267  1228  1234  
1014  1229  1231  
1238  1230  1531  
1228  1231  1531  
268  1232  1230  
1221  1233  1235  
1226  1234  1532  
1232  1235  1532  
269  1236  1229  
259  1237  1239  
272  1238  1533  
1236  1239  1533  
270  1240  1249  
1193  1241  1243  
1206  1242  1534  
1240  1243  1534  
271  1244  1250  
1213  1245  1247  
1222  1246  1535  
1244  1247  1535  
272  1248  1246  
1237  1249  1251  
1242  1250  1536  
1248  1251  1536  

