1  146  270  
146  42  217  
217  75  270  
270  146  217  
42  530  220  
530  14  218  
218  62  220  
220  530  218  
62  150  457  
150  31  219  
219  75  457  
457  150  219  
75  217  457  
217  42  220  
220  62  457  
457  217  220  
14  147  228  
147  138  148  
148  65  228  
228  147  148  
138  531  458  
531  4  221  
221  63  458  
458  531  221  
63  152  459  
152  22  222  
222  65  459  
459  152  222  
65  148  459  
148  138  458  
458  63  459  
459  148  458  
22  149  229  
149  43  223  
223  119  229  
229  149  223  
43  151  226  
151  5  224  
224  64  226  
226  151  224  
64  264  460  
264  31  225  
225  119  460  
460  264  225  
119  223  460  
223  43  226  
226  64  460  
460  223  226  
31  150  225  
150  62  227  
227  119  225  
225  150  227  
62  218  230  
218  14  228  
228  65  230  
230  218  228  
65  222  461  
222  22  229  
229  119  461  
461  222  229  
119  227  461  
227  62  230  
230  65  461  
461  227  230  
5  151  155  
151  43  231  
231  45  155  
155  151  231  
43  149  234  
149  22  232  
232  44  234  
234  149  232  
44  154  462  
154  15  233  
233  45  462  
462  154  233  
45  231  462  
231  43  234  
234  44  462  
462  231  234  
22  152  243  
152  63  235  
235  68  243  
243  152  235  
63  221  238  
221  4  236  
236  66  238  
238  221  236  
66  180  463  
180  23  237  
237  68  463  
463  180  237  
68  235  463  
235  63  238  
238  66  463  
463  235  238  
23  153  244  
153  89  239  
239  120  244  
244  153  239  
89  325  464  
325  6  240  
240  67  464  
464  325  240  
67  156  465  
156  15  241  
241  120  465  
465  156  241  
120  239  465  
239  89  464  
464  67  465  
465  239  464  
15  154  241  
154  44  242  
242  120  241  
241  154  242  
44  232  245  
232  22  243  
243  68  245  
245  232  243  
68  237  466  
237  23  244  
244  120  466  
466  237  244  
120  242  466  
242  44  245  
245  68  466  
466  242  245  
5  155  159  
155  45  246  
246  46  159  
159  155  246  
45  233  249  
233  15  247  
247  69  249  
249  233  247  
69  158  467  
158  16  248  
248  46  467  
467  158  248  
46  246  467  
246  45  249  
249  69  467  
467  246  249  
15  156  259  
156  67  250  
250  72  259  
259  156  250  
67  240  253  
240  6  251  
251  70  253  
253  240  251  
70  183  468  
183  24  252  
252  72  468  
468  183  252  
72  250  468  
250  67  253  
253  70  468  
468  250  253  
24  157  260  
157  52  254  
254  121  260  
260  157  254  
52  182  257  
182  7  255  
255  71  257  
257  182  255  
71  160  469  
160  16  256  
256  121  469  
469  160  256  
121  254  469  
254  52  257  
257  71  469  
469  254  257  
16  158  256  
158  69  258  
258  121  256  
256  158  258  
69  247  261  
247  15  259  
259  72  261  
261  247  259  
72  252  470  
252  24  260  
260  121  470  
470  252  260  
121  258  470  
258  69  261  
261  72  470  
470  258  261  
5  159  224  
159  46  262  
262  64  224  
224  159  262  
46  248  265  
248  16  263  
263  73  265  
265  248  263  
73  163  471  
163  31  264  
264  64  471  
471  163  264  
64  262  471  
262  46  265  
265  73  471  
471  262  265  
16  160  273  
160  71  266  
266  76  273  
273  160  266  
71  255  269  
255  7  267  
267  74  269  
269  255  267  
74  540  472  
540  40  268  
268  76  472  
472  540  268  
76  266  472  
266  71  269  
269  74  472  
472  266  269  
40  161  274  
161  143  162  
162  122  274  
274  161  162  
143  541  473  
541  1  270  
270  75  473  
473  541  270  
75  219  474  
219  31  271  
271  122  474  
474  219  271  
122  162  474  
162  143  473  
473  75  474  
474  162  473  
31  163  271  
163  73  272  
272  122  271  
271  163  272  
73  263  275  
263  16  273  
273  76  275  
275  263  273  
76  268  475  
268  40  274  
274  122  475  
475  268  274  
122  272  475  
272  73  275  
275  76  475  
475  272  275  
4  164  329  
164  47  276  
276  90  329  
329  164  276  
47  532  279  
532  17  277  
277  77  279  
279  532  277  
77  168  476  
168  33  278  
278  90  476  
476  168  278  
90  276  476  
276  47  279  
279  77  476  
476  276  279  
17  165  287  
165  139  166  
166  80  287  
287  165  166  
139  533  477  
533  8  280  
280  78  477  
477  533  280  
78  170  478  
170  25  281  
281  80  478  
478  170  281  
80  166  478  
166  139  477  
477  78  478  
478  166  477  
25  167  288  
167  48  282  
282  123  288  
288  167  282  
48  169  285  
169  9  283  
283  79  285  
285  169  283  
79  322  479  
322  33  284  
284  123  479  
479  322  284  
123  282  479  
282  48  285  
285  79  479  
479  282  285  
33  168  284  
168  77  286  
286  123  284  
284  168  286  
77  277  289  
277  17  287  
287  80  289  
289  277  287  
80  281  480  
281  25  288  
288  123  480  
480  281  288  
123  286  480  
286  77  289  
289  80  480  
480  286  289  
9  169  174  
169  48  290  
290  50  174  
174  169  290  
48  167  293  
167  25  291  
291  49  293  
293  167  291  
49  173  481  
173  18  292  
292  50  481  
481  173  292  
50  290  481  
290  48  293  
293  49  481  
481  290  293  
25  170  301  
170  78  294  
294  83  301  
301  170  294  
78  280  297  
280  8  295  
295  81  297  
297  280  295  
81  534  482  
534  26  296  
296  83  482  
482  534  296  
83  294  482  
294  78  297  
297  81  482  
482  294  297  
26  171  302  
171  140  172  
172  124  302  
302  171  172  
140  535  483  
535  10  298  
298  82  483  
483  535  298  
82  175  484  
175  18  299  
299  124  484  
484  175  299  
124  172  484  
172  140  483  
483  82  484  
484  172  483  
18  173  299  
173  49  300  
300  124  299  
299  173  300  
49  291  303  
291  25  301  
301  83  303  
303  291  301  
83  296  485  
296  26  302  
302  124  485  
485  296  302  
124  300  485  
300  49  303  
303  83  485  
485  300  303  
9  174  178  
174  50  304  
304  51  178  
178  174  304  
50  292  307  
292  18  305  
305  84  307  
307  292  305  
84  177  486  
177  32  306  
306  51  486  
486  177  306  
51  304  486  
304  50  307  
307  84  486  
486  304  307  
18  175  317  
175  82  308  
308  87  317  
317  175  308  
82  298  311  
298  10  309  
309  85  311  
311  298  309  
85  200  487  
200  21  310  
310  87  487  
487  200  310  
87  308  487  
308  82  311  
311  85  487  
487  308  311  
21  176  318  
176  58  312  
312  125  318  
318  176  312  
58  199  315  
199  6  313  
313  86  315  
315  199  313  
86  179  488  
179  32  314  
314  125  488  
488  179  314  
125  312  488  
312  58  315  
315  86  488  
488  312  315  
32  177  314  
177  84  316  
316  125  314  
314  177  316  
84  305  319  
305  18  317  
317  87  319  
319  305  317  
87  310  489  
310  21  318  
318  125  489  
489  310  318  
125  316  489  
316  84  319  
319  87  489  
489  316  319  
9  178  283  
178  51  320  
320  79  283  
283  178  320  
51  306  323  
306  32  321  
321  88  323  
323  306  321  
88  181  490  
181  33  322  
322  79  490  
490  181  322  
79  320  490  
320  51  323  
323  88  490  
490  320  323  
32  179  333  
179  86  324  
324  126  333  
333  179  324  
86  313  327  
313  6  325  
325  89  327  
327  313  325  
89  153  491  
153  23  326  
326  126  491  
491  153  326  
126  324  491  
324  86  327  
327  89  491  
491  324  327  
23  180  334  
180  66  328  
328  127  334  
334  180  328  
66  236  331  
236  4  329  
329  90  331  
331  236  329  
90  278  492  
278  33  330  
330  127  492  
492  278  330  
127  328  492  
328  66  331  
331  90  492  
492  328  331  
33  181  330  
181  88  332  
332  127  330  
330  181  332  
88  321  335  
321  32  333  
333  126  335  
335  321  333  
126  326  493  
326  23  334  
334  127  493  
493  326  334  
127  332  493  
332  88  335  
335  126  493  
493  332  335  
7  182  195  
182  52  336  
336  57  195  
195  182  336  
52  157  339  
157  24  337  
337  53  339  
339  157  337  
53  185  494  
185  20  338  
338  57  494  
494  185  338  
57  336  494  
336  52  339  
339  53  494  
494  336  339  
24  183  349  
183  70  340  
340  93  349  
349  183  340  
70  251  343  
251  6  341  
341  91  343  
343  251  341  
91  187  495  
187  27  342  
342  93  495  
495  187  342  
93  340  495  
340  70  343  
343  91  495  
495  340  343  
27  184  350  
184  54  344  
344  128  350  
350  184  344  
54  186  347  
186  11  345  
345  92  347  
347  186  345  
92  196  496  
196  20  346  
346  128  496  
496  196  346  
128  344  496  
344  54  347  
347  92  496  
496  344  347  
20  185  346  
185  53  348  
348  128  346  
346  185  348  
53  337  351  
337  24  349  
349  93  351  
351  337  349  
93  342  497  
342  27  350  
350  128  497  
497  342  350  
128  348  497  
348  53  351  
351  93  497  
497  348  351  
11  186  190  
186  54  352  
352  56  190  
190  186  352  
54  184  355  
184  27  353  
353  55  355  
355  184  353  
55  189  498  
189  19  354  
354  56  498  
498  189  354  
56  352  498  
352  54  355  
355  55  498  
498  352  355  
27  187  364  
187  91  356  
356  96  364  
364  187  356  
91  341  359  
341  6  357  
357  94  359  
359  341  357  
94  215  499  
215  28  358  
358  96  499  
499  215  358  
96  356  499  
356  91  359  
359  94  499  
499  356  359  
28  188  365  
188  117  360  
360  129  365  
365  188  360  
117  446  500  
446  12  361  
361  95  500  
500  446  361  
95  191  501  
191  19  362  
362  129  501  
501  191  362  
129  360  501  
360  117  500  
500  95  501  
501  360  500  
19  189  362  
189  55  363  
363  129  362  
362  189  363  
55  353  366  
353  27  364  
364  96  366  
366  353  364  
96  358  502  
358  28  365  
365  129  502  
502  358  365  
129  363  502  
363  55  366  
366  96  502  
502  363  366  
11  190  386  
190  56  367  
367  102  386  
386  190  367  
56  354  370  
354  19  368  
368  97  370  
370  354  368  
97  194  503  
194  34  369  
369  102  503  
503  194  369  
102  367  503  
367  56  370  
370  97  503  
503  367  370  
19  191  378  
191  95  371  
371  100  378  
378  191  371  
95  361  374  
361  12  372  
372  98  374  
374  361  372  
98  544  504  
544  41  373  
373  100  504  
504  544  373  
100  371  504  
371  95  374  
374  98  504  
504  371  374  
41  192  379  
192  145  193  
193  130  379  
379  192  193  
145  545  505  
545  2  375  
375  99  505  
505  545  375  
99  197  506  
197  34  376  
376  130  506  
506  197  376  
130  193  506  
193  145  505  
505  99  506  
506  193  505  
34  194  376  
194  97  377  
377  130  376  
376  194  377  
97  368  380  
368  19  378  
378  100  380  
380  368  378  
100  373  507  
373  41  379  
379  130  507  
507  373  379  
130  377  507  
377  97  380  
380  100  507  
507  377  380  
7  195  539  
195  57  381  
381  142  539  
539  195  381  
57  338  384  
338  20  382  
382  101  384  
384  338  382  
101  198  508  
198  35  383  
383  142  508  
508  198  383  
142  381  508  
381  57  384  
384  101  508  
508  381  384  
20  196  394  
196  92  385  
385  104  394  
394  196  385  
92  345  388  
345  11  386  
386  102  388  
388  345  386  
102  369  509  
369  34  387  
387  104  509  
509  369  387  
104  385  509  
385  92  388  
388  102  509  
509  385  388  
34  197  395  
197  99  389  
389  131  395  
395  197  389  
99  375  392  
375  2  390  
390  103  392  
392  375  390  
103  538  510  
538  35  391  
391  131  510  
510  538  391  
131  389  510  
389  99  392  
392  103  510  
510  389  392  
35  198  391  
198  101  393  
393  131  391  
391  198  393  
101  382  396  
382  20  394  
394  104  396  
396  382  394  
104  387  511  
387  34  395  
395  131  511  
511  387  395  
131  393  511  
393  101  396  
396  104  511  
511  393  396  
6  199  450  
199  58  397  
397  118  450  
450  199  397  
58  176  400  
176  21  398  
398  105  400  
400  176  398  
105  202  512  
202  38  399  
399  118  512  
512  202  399  
118  397  512  
397  58  400  
400  105  512  
512  397  400  
21  200  410  
200  85  401  
401  108  410  
410  200  401  
85  309  404  
309  10  402  
402  106  404  
404  309  402  
106  204  513  
204  29  403  
403  108  513  
513  204  403  
108  401  513  
401  85  404  
404  106  513  
513  401  404  
29  201  411  
201  59  405  
405  132  411  
411  201  405  
59  203  408  
203  13  406  
406  107  408  
408  203  406  
107  443  514  
443  38  407  
407  132  514  
514  443  407  
132  405  514  
405  59  408  
408  107  514  
514  405  408  
38  202  407  
202  105  409  
409  132  407  
407  202  409  
105  398  412  
398  21  410  
410  108  412  
412  398  410  
108  403  515  
403  29  411  
411  132  515  
515  403  411  
132  409  515  
409  105  412  
412  108  515  
515  409  412  
13  203  208  
203  59  413  
413  60  208  
208  203  413  
59  201  416  
201  29  414  
414  109  416  
416  201  414  
109  207  516  
207  36  415  
415  60  516  
516  207  415  
60  413  516  
413  59  416  
416  109  516  
516  413  416  
29  204  424  
204  106  417  
417  112  424  
424  204  417  
106  402  420  
402  10  418  
418  110  420  
420  402  418  
110  536  517  
536  39  419  
419  112  517  
517  536  419  
112  417  517  
417  106  420  
420  110  517  
517  417  420  
39  205  425  
205  141  206  
206  133  425  
425  205  206  
141  537  518  
537  3  421  
421  111  518  
518  537  421  
111  209  519  
209  36  422  
422  133  519  
519  209  422  
133  206  519  
206  141  518  
518  111  519  
519  206  518  
36  207  422  
207  109  423  
423  133  422  
422  207  423  
109  414  426  
414  29  424  
424  112  426  
426  414  424  
112  419  520  
419  39  425  
425  133  520  
520  419  425  
133  423  520  
423  109  426  
426  112  520  
520  423  426  
13  208  213  
208  60  427  
427  61  213  
213  208  427  
60  415  430  
415  36  428  
428  113  430  
430  415  428  
113  212  521  
212  37  429  
429  61  521  
521  212  429  
61  427  521  
427  60  430  
430  113  521  
521  427  430  
36  209  438  
209  111  431  
431  134  438  
438  209  431  
111  421  434  
421  3  432  
432  114  434  
434  421  432  
114  542  522  
542  30  433  
433  134  522  
522  542  433  
134  431  522  
431  111  434  
434  114  522  
522  431  434  
30  210  439  
210  144  211  
211  135  439  
439  210  211  
144  543  523  
543  12  435  
435  115  523  
523  543  435  
115  214  524  
214  37  436  
436  135  524  
524  214  436  
135  211  524  
211  144  523  
523  115  524  
524  211  523  
37  212  436  
212  113  437  
437  135  436  
436  212  437  
113  428  440  
428  36  438  
438  134  440  
440  428  438  
134  433  525  
433  30  439  
439  135  525  
525  433  439  
135  437  525  
437  113  440  
440  134  525  
525  437  440  
13  213  406  
213  61  441  
441  107  406  
406  213  441  
61  429  444  
429  37  442  
442  116  444  
444  429  442  
116  216  526  
216  38  443  
443  107  526  
526  216  443  
107  441  526  
441  61  444  
444  116  526  
526  441  444  
37  214  454  
214  115  445  
445  136  454  
454  214  445  
115  435  448  
435  12  446  
446  117  448  
448  435  446  
117  188  527  
188  28  447  
447  136  527  
527  188  447  
136  445  527  
445  115  448  
448  117  527  
527  445  448  
28  215  455  
215  94  449  
449  137  455  
455  215  449  
94  357  452  
357  6  450  
450  118  452  
452  357  450  
118  399  528  
399  38  451  
451  137  528  
528  399  451  
137  449  528  
449  94  452  
452  118  528  
528  449  452  
38  216  451  
216  116  453  
453  137  451  
451  216  453  
116  442  456  
442  37  454  
454  136  456  
456  442  454  
136  447  529  
447  28  455  
455  137  529  
529  447  455  
137  453  529  
453  116  456  
456  136  529  
529  453  456  

