0
5.36766
0
0
2.24855
3.12858
3.929
0
1.21749
0
4.68313
4.38452
2.37302
0
2.88202
3.19478
0
0.912203
4.66806
4.43677
1.93435
1.16337
1.90384
3.74986
0.416022
0
3.98818
3.89319
1.20232
2.68899
1.27601
2.16973
0.904539
5.16206
4.88755
1.39188
3.46041
2.95689
0
2.35373
5.21275
0
1.72149
2.11269
2.61287
2.74575
0
0.789523
0.700649
1.14454
1.68691
3.88971
4.11973
4.36164
4.37132
4.71087
4.21308
2.60958
1.79656
1.93438
2.93378
0.659019
0.58599
1.80434
0.630856
1.05563
3.05417
1.59009
3.08203
3.49928
3.5906
3.33452
2.33144
3.22531
0.672165
2.80754
0.431995
0.132355
1.13977
0.30966
0
0.528001
0.310138
1.62201
1.07489
2.65366
1.41705
1.61248
2.58326
0.52127
3.57335
4.59486
3.90998
3.55378
4.55801
3.98285
4.99473
4.89232
5.30007
4.97319
4.69452
4.95543
5.18228
4.85564
2.45137
0.600545
2.71748
1.62906
1.3048
0
0.747428
0.658025
2.54138
1.47267
3.94641
3.23393
4.16348
3.0931
1.23511
2.40166
3.51032
1.84344
0.698736
0.43439
2.11511
2.09852
1.40031
4.27772
4.30525
5.21478
5.0531
2.1798
0.705429
2.05505
3.11736
3.71901
3.44068
0
0
0
0
4.47326
1.28766
3.65344
5.36473
0
0
0.318197
1.4455
0.973238
1.98987
0.876423
2.26247
2.51796
2.4427
2.98038
3.83304
3.14886
2.50307
3.3997
1.84665
1.57361
1.82944
0
0
0.142852
0.593993
0.664331
0.998693
0.260186
0
0.237483
0.81363
1.20153
0.738606
2.29324
1.91411
1.44989
2.41231
1.50312
1.27994
3.92092
3.63904
4.18068
4.28528
4.52975
3.78532
4.03585
4.52951
4.70624
4.62129
5.30861
5.29886
5.0974
4.07798
4.52422
5.23986
4.79942
2.88655
1.52948
1.50094
2.70623
2.08791
0.901822
0
0.365869
1.34974
2.16709
1.08243
3.20191
3.39099
3.02885
2.65753
3.709
3.73325
3.10288
0.342709
0.334287
0.983073
0.339423
0.293399
0.909873
1.48988
2.03774
1.25925
1.76833
0.957878
0.327247
1.20334
0.64688
2.18986
1.66255
2.7594
1.92946
1.11441
0.556357
1.76151
0.835909
2.50614
3.10335
2.6447
2.27032
1.39042
2.15424
1.85358
2.68826
2.99351
2.97654
2.85198
3.20814
3.32917
3.54737
3.2805
3.70658
3.76697
3.3618
3.74862
3.30182
3.11236
3.63982
3.21903
2.29848
2.78552
1.55007
2.54811
3.22019
3.59609
2.58861
3.41586
0.344176
1.5664
2.09631
3.00982
2.10619
2.57636
0.258154
0.209759
0.73081
0.235835
0.0409011
0.38918
0.766554
1.19902
0.809443
0.977418
0.586804
0.179176
0.56929
0.375793
0.979091
0.569887
1.04781
0.7676
0.230618
0
0.179594
0.0985556
0.281435
0.668941
0.589227
0.389479
0.210657
0.497228
1.43374
1.28962
1.92739
1.38029
0.99868
0.56649
1.67498
0.799827
2.36296
2.89257
2.15822
2.64593
1.86757
1.1622
2.04044
1.53693
1.43016
1.90758
1.04124
1.6671
2.39194
2.87024
2.01638
2.63259
1.2441
0.277219
1.15053
0.787648
1.52336
2.14975
1.65199
1.85482
4.05885
3.94096
4.3329
4.01355
3.70947
3.35372
3.95944
3.54785
4.32898
4.64819
4.37291
4.4953
4.2079
3.84003
4.15002
4.02997
4.5477
4.19164
4.69801
4.37589
3.79017
3.35252
3.94858
3.57527
4.24379
4.4787
4.49335
4.34778
3.99602
4.10483
4.18271
4.852
4.85235
5.06709
4.8603
4.78852
4.66262
5.10163
4.73318
5.34249
5.19539
5.11317
4.82835
5.22048
4.99151
4.35133
4.57342
4.69603
4.47004
4.73277
4.82751
5.0222
4.78823
5.19002
5.28769
4.97737
5.24783
4.88835
4.66109
5.11466
4.78271
2.85346
2.19363
3.03784
2.5447
1.35175
0.299571
1.43063
0.853876
2.00196
2.55873
2.59202
2.28266
2.32968
1.79711
1.71757
2.06429
1.86813
1.25605
1.67588
1.5642
0.630847
0
0.342992
0.31566
0.386706
1.05128
1.01848
0.944623
0.354843
0.983206
2.46157
1.99628
3.20167
2.24121
1.43235
0.768146
2.37612
1.11296
4.17168
3.29947
2.83378
1.7267
2.91395
2.31006
2.8305
3.35241
2.85013
3.09547
3.83794
4.27841
3.81666
4.06437
3.50893
3.123
3.20211
3.32685
3.34902
3.60025
3.67143
3.48098
0.667423
0.30698
0.610681
1.52457
0.936859
2.36616
1.32362
2.82121
2.74592
2.01772
2.92404
3.42806
3.56198
3.43482
2.07374
3.02413
0.987451
1.28544
2.34968
0.480095
0.0985258
0.230498
0.914153
0.496182
0.917291
0.143002
0.260886
0.484291
0.376989
1.672
1.26284
2.40267
1.78779
1.3734
2.34186
0.986084
1.76945
4.18046
3.75833
4.44301
4.09973
4.54766
3.77283
4.36762
4.43932
4.15379
4.9827
4.94003
5.33884
5.27605
5.11451
4.59128
4.91319
5.12647
4.96263
2.79337
1.14233
2.4508
1.90549
1.62207
0.33003
0.376369
0.726798
0.682692
2.74921
1.77606
3.80932
3.56001
2.61629
2.97901
3.94688
3.27674
3.58733
0
0
0
0
0
0
0
0
5.04924
4.21769
2.81223
0.673289
2.11291
4.04616
5.07483
5.38328
