5.36766
0
0
2.2977
3.98194
3.27785
0
4.84882
4.91262
1.26178
0
0
2.71168
3.25386
2.97305
1.19068
4.96017
0.955148
0.427208
2.38278
3.85587
1.9639
5.38972
2.05884
0
4.19931
0
1.29551
5.26117
4.16906
4.53144
2.26483
0.930765
3.99166
1.84421
1.32426
3.18705
0
0
4.94351
3.67957
1.83731
2.37067
2.80171
2.68123
1.76082
4.72018
4.95967
5.09355
5.17853
4.93036
4.54166
1.17658
1.6688
1.75497
1.69844
1.19162
0.814624
2.99849
3.58623
3.38508
2.33427
2.01807
1.30239
3.64872
3.15841
3.96799
3.17192
3.59024
2.16958
2.68208
0.599914
2.47836
1.25911
0
0.680723
0.643684
4.53205
5.35182
4.77286
5.43384
4.94927
4.60802
4.57916
3.74305
4.61777
4.41474
3.63119
4.28423
1.08401
2.77686
2.75908
0.556709
0.72516
0
0.135153
0.451267
0.71911
0
0.534923
0.317554
3.77062
4.50512
3.12562
4.41466
1.19124
3.83315
1.52569
0
0.649076
2.38242
1.14663
3.27955
1.86906
2.84993
3.43584
1.63325
0.669894
5.12756
5.347
5.21877
4.21791
4.04891
4.22371
1.44306
2.1761
2.22654
1.49602
0.319068
0.443649
3.71698
4.12011
2.82923
0.8766
0.744165
1.75944
2.62816
0
0
0
0
3.26754
5.22111
5.22205
2.56069
2.07844
0.996799
2.84808
3.06686
2.83469
2.55605
3.45883
3.7586
3.07778
2.50105
3.08421
1.5467
1.70422
2.03444
1.80469
0.897159
0
0.344575
1.28109
4.79228
4.41505
4.54579
5.09885
5.18371
5.12615
4.98099
5.3161
5.32235
5.22442
5.08764
4.89686
4.95906
3.99187
4.39983
4.70432
4.64733
3.96197
3.9251
4.48818
1.24005
0.750937
2.34075
1.98183
1.50555
2.5215
1.63082
1.35095
1.24791
0.775941
0
0.146666
0.587315
1.03276
1.00905
0.266481
0
0.241969
0.833206
2.86781
3.24528
4.3948
3.78654
3.05487
4.26121
3.18515
2.68341
2.54935
2.53634
1.54561
0
0.367579
1.41838
2.36687
2.54348
0.983722
2.43376
2.81462
2.3428
1.85878
3.03455
2.1102
1.30255
0.680679
2.13387
3.82301
3.0601
2.61758
1.58929
2.62395
2.12838
2.75072
3.2167
2.83863
2.9897
3.63084
3.98604
3.73205
3.81621
3.54388
3.23621
3.20914
3.30725
3.43073
3.65182
3.38059
2.24329
2.5912
1.47905
2.42914
2.84199
2.9925
2.2228
2.92994
1.35945
0.300377
1.4255
1.90381
2.72896
1.81301
2.33683
1.22921
1.57598
1.52127
0.624197
0
0.333435
0.31384
0.348163
0.988726
0.975037
0.929754
0.339987
0.955514
4.92153
4.7617
5.18696
4.84858
4.27435
4.86724
5.36864
5.20055
5.05279
4.66076
5.04193
4.87301
5.0288
5.23573
4.95105
5.14197
5.36411
5.4135
5.37337
5.39863
4.93281
5.10027
5.20384
5.30981
5.31532
5.27292
4.7482
4.79477
4.36276
4.77815
4.79229
4.75196
4.41739
4.77598
4.00062
3.51414
4.20222
4.42086
4.79906
4.21669
4.61956
4.30926
4.63318
4.48606
3.9137
3.47133
3.96152
3.69763
4.10388
4.13945
4.38551
4.13425
4.32734
4.11804
4.04685
4.23891
1.48152
1.32047
2.00868
1.41966
1.01383
0.570344
1.70338
2.4302
3.02928
2.23616
2.74332
1.92165
1.18484
2.08516
1.57305
1.49269
2.00184
1.09386
1.7448
2.52246
3.03865
2.159
2.78207
1.33974
0.297916
1.2219
1.61556
2.26173
1.77563
1.96092
1.01432
0.84647
0.611455
0.952205
0.506413
0
0.21802
0.273593
0.0416006
0.400297
0.513089
0.697637
0.184971
0.610928
0.585425
1.07307
0.789866
0.235967
0
0.183644
0.100592
0.284129
0.682962
0.603247
0.399351
0.215167
0.509777
3.18633
3.38783
3.6986
3.29754
3.50419
3.53309
3.96519
4.36003
4.72221
4.06109
4.54557
3.86137
3.45682
4.16671
3.66091
2.90515
3.59986
2.10464
3.26174
4.20204
4.68791
3.75255
4.46024
0.73169
2.34534
2.97974
3.91449
3.27718
3.49335
2.163
1.6595
1.66963
1.92843
0.988411
0
0.427396
0.552726
0.321008
1.05324
1.13031
1.34999
0.394287
1.22369
1.88654
3.10481
2.21544
1.2354
0.603707
1.92579
0.916516
2.70783
3.2901
2.91004
3.0219
2.51981
1.55922
2.3437
2.07061
2.59528
0.999399
1.59347
3.46556
3.27065
2.38376
2.92485
3.78635
3.40608
3.31864
3.52574
1.97729
2.59361
0.857029
1.1426
2.07692
1.55336
0.324783
0.347283
0.677158
0.658806
5.03304
4.41692
4.65919
5.29264
5.25606
4.96656
5.06415
5.40063
5.09799
5.10325
5.29917
4.58224
4.60382
3.76721
3.99081
4.42644
4.57542
3.84591
4.26749
4.15147
1.72959
0.80859
1.27971
2.49061
1.82862
1.44124
2.49327
0.848136
1.05424
1.88559
0.793168
0.247233
0.100687
0.236345
0.389565
0.9423
0.146193
0.264787
0.492976
0.385771
3.49386
3.52968
3.75373
4.31479
3.92136
2.73641
4.14095
1.90369
2.12733
3.38352
1.7891
0.474065
0.343806
0.694899
0.801733
2.69257
1.45089
2.97908
2.22279
0
0
0
0
0
0
0
0
1.86863
3.6441
4.7548
5.31033
5.42634
5.08613
4.08272
1.70427
