5.36766
0
0
5.40448
4.38452
5.04517
4.91262
3.03197
0
4.86445
5.37864
4.93385
5.25936
5.05572
5.24233
5.37554
1.96004
5.12733
5.14087
5.21275
4.72378
5.29888
0
5.29184
3.67957
3.81521
4.52245
5.46772
1.56234
4.27057
3.83326
5.25414
3.70637
4.81657
3.77271
5.3741
4.8998
5.38125
4.48789
2.68899
5.38972
5.45488
5.34846
5.27619
5.33409
5.44309
3.46533
2.84088
2.3144
1.69407
2.53858
3.69864
4.81301
5.11951
5.14051
5.19602
4.98101
4.40978
4.88992
4.41118
4.47758
4.65558
5.03181
5.22289
5.36473
4.75439
5.16994
4.56137
5.14151
4.90891
5.39343
5.27177
5.19912
5.33288
5.47273
5.22205
5.43937
5.39619
3.65344
0.790118
3.2855
0
1.24206
3.33832
2.644
4.72342
2.966
4.02848
4.88329
4.13909
5.1629
5.21978
5.18409
5.26987
4.60867
5.09579
2.57826
4.86028
4.32257
2.56069
4.85749
4.57203
2.63196
3.37032
5.2249
5.27
5.29478
5.41754
5.30279
5.18597
5.3549
4.95614
5.37963
5.15853
5.03601
5.33895
5.4722
2.17266
0.845791
0.947698
4.02931
4.5076
4.31794
5.13086
5.26749
5.26295
5.27384
4.05851
3.59873
4.33938
4.4556
3.69221
4.10783
4.88064
5.39733
5.33311
5.17187
0
5.08319
5.43877
3.31982
4.89232
1.47267
4.41466
5.43384
5.43434
5.45894
5.07483
5.03445
5.22537
5.35276
4.91449
4.80335
5.21125
5.37292
5.19232
5.24849
5.40339
5.43708
5.45976
5.30114
5.42634
5.45814
5.48254
3.25739
3.99389
3.74342
2.11291
1.82612
2.23804
2.67922
1.17844
0
0.506677
1.79938
2.79499
1.62631
4.23406
3.85018
3.37544
3.57205
4.51298
4.64364
3.92688
4.83161
4.8339
5.30834
5.2109
5.02436
5.25495
5.32899
5.16012
4.91734
5.20119
4.00057
3.71088
4.21041
4.66366
4.61771
3.21823
4.08272
4.37268
4.58831
4.90556
4.92308
3.29749
4.10216
4.73157
3.28054
4.85809
4.98789
4.94306
4.97938
5.18801
5.41928
5.42729
5.33163
5.09806
5.07383
5.40773
5.24323
5.05236
5.38697
5.42832
5.17672
5.41247
5.4285
5.38328
5.30568
4.57698
5.11294
5.26353
5.43386
5.19196
5.36954
5.31214
5.11834
5.29006
5.22696
4.83573
4.47515
4.82072
4.66447
4.96134
5.09163
5.15307
5.10594
4.98749
4.89243
5.05094
5.40973
5.34132
5.4227
5.37746
5.26275
5.18487
5.332
5.22304
5.26659
5.06938
5.35847
5.38092
5.30263
5.31855
5.36388
5.43754
5.46618
5.46109
5.31388
5.08613
5.39697
5.21311
5.40877
5.48066
5.47677
5.3886
5.44197
5.44652
2.92895
3.37181
1.94138
3.15956
4.04616
2.99255
0.397379
1.87982
2.51135
3.56631
2.44209
3.073
2.41031
1.61947
2.2615
2.01737
0.815079
0
0.441009
0.409112
0.756692
1.44653
1.33985
1.21848
0.466486
1.26939
3.16786
2.71676
3.99818
2.94819
2.22414
1.75346
3.41595
1.97373
4.32034
4.90079
4.149
3.70073
2.47455
3.91592
3.15155
4.14207
3.65713
3.86812
4.61197
4.96372
4.61902
4.80341
4.44568
4.26904
4.08447
4.35885
4.17867
4.39086
4.53168
4.27988
5.00002
4.98546
5.21643
4.98731
5.00756
5.04839
5.2323
5.28693
5.14942
5.25816
5.24413
5.21222
4.99292
5.28142
5.1217
5.0612
5.2289
5.05244
5.16447
5.24579
5.1166
5.27524
5.19938
5.31528
5.32983
5.21617
5.23323
5.25576
5.29941
5.24771
4.73143
4.91005
4.09523
4.8156
5.10417
5.26899
4.68551
5.19252
1.6509
3.85998
4.35729
5.00827
4.27464
4.73265
4.02312
4.80865
4.35111
3.12367
1.70427
3.62388
2.49953
4.88441
4.59956
4.32058
3.62078
4.03343
3.99412
4.6934
4.67955
4.16293
4.67633
4.73658
4.83959
4.16136
3.21568
1.68755
3.69903
2.56461
4.08653
4.7007
3.73637
4.42172
4.79021
4.26804
5.08726
4.55566
3.48847
2.33353
4.31662
2.96388
5.24894
5.02355
4.76719
3.91707
4.71267
4.40523
5.1304
5.20204
5.3136
5.16638
5.25665
5.26655
5.35123
5.26853
5.40661
5.38921
5.34592
5.2334
5.39565
5.28989
5.29453
4.88822
5.20212
5.38549
5.37058
5.3116
5.38994
5.17475
4.99719
5.05596
5.08916
5.17567
5.35462
5.24985
5.27652
5.31706
5.41178
5.37818
4.83036
4.98087
5.29049
5.26467
4.74522
5.02781
5.09145
4.97532
5.42022
5.30175
5.18161
5.28476
5.35665
5.47529
5.32143
5.44672
5.46893
5.44837
2.58838
3.90334
3.47888
1.14429
1.51498
2.76256
2.1184
0.42303
0.580268
1.04776
0.886997
3.52156
2.79072
4.64525
4.4147
3.55385
3.756
4.70936
4.22853
4.41013
5.12555
5.0269
5.14526
5.26886
5.21972
5.1074
5.24183
5.32468
5.27214
5.27171
4.49789
4.98345
2.91313
3.43337
4.52034
4.59321
3.12487
4.65351
4.62272
4.00082
4.42889
4.7839
4.50738
3.19778
4.10931
4.86298
3.76114
5.16286
5.09839
4.55824
5.24654
5.3054
5.43463
5.42253
5.35349
5.05833
5.35844
5.06855
5.26122
0
0
4.04669
5.21372
5.33612
5.42843
4.84229
2.28983
5.30861
4.66262
3.20191
0.768146
3.18515
4.68791
5.32235
5.4135
