0
0
0
0
0
1.18256
2.2084
2.22799
1.20239
0
3.0484
3.92171
3.12249
0
2.21993
4.52424
4.64088
2.34261
0
3.97074
5.33493
4.34476
0
2.27306
4.79444
5.31644
2.9471
0
3.25829
4.83569
4.92659
0
1.24199
2.64347
4.68476
4.72402
0
0
0
5.20739
5.07135
0
1.86728
0
2.34359
3.16275
2.82513
0
2.86859
3.18065
0
0.906654
2.15969
1.87022
3.18839
1.27368
3.67919
5.03151
4.39942
3.73099
4.62759
4.4126
1.92322
1.37541
3.4261
2.95177
1.18167
4.89863
4.13044
5.14122
5.28982
1.85825
4.16397
0.944744
0.42532
1.75387
1.29907
4.94857
3.47366
4.94014
5.1881
0.88765
0.41037
1.26411
1.15679
1.89515
0.415343
0
2.83259
3.69466
4.3704
4.85892
3.96406
3.86366
5.12364
1.1926
0
2.37043
3.82863
4.91093
5.32725
5.16224
4.6407
2.65207
0
1.94959
2.03409
4.14483
3.55521
5.18344
5.12211
3.66623
4.30782
2.11585
0.888382
1.14489
1.26902
0.899612
1.14849
3.86092
2.93764
3.23514
1.28697
5.21586
4.5003
4.99049
5.40942
1.52981
3.77215
2.2453
0.923222
3.91299
3.1455
5.10797
4.69025
3.51777
4.73568
0
0
0
0
0
0
5.18785
4.29408
0
1.03775
2.52843
0
0.424737
0
1.28178
2.70943
2.56673
0
1.70957
2.10117
2.5972
2.72974
0
0.7834
0.696314
1.1357
1.67581
1.03957
2.57684
3.04796
2.72709
1.79253
3.41495
4.4882
4.76038
4.80545
4.50331
3.8729
4.32977
4.338
4.67101
4.19614
2.59732
1.77864
1.29139
1.91174
2.90313
1.82243
2.35539
2.7812
3.13622
2.65978
1.74553
4.67927
4.91965
5.0446
5.12348
4.87455
4.49606
5.38363
5.28374
5.20051
5.08638
5.24142
5.35695
3.39425
2.78741
2.2575
1.64068
2.45038
3.60298
1.16435
1.6544
1.73684
1.68069
1.17764
0.80581
2.94582
3.52638
3.31146
3.03803
2.26038
1.97291
4.65941
4.97767
4.98076
5.02768
4.80064
4.21499
4.70208
4.22001
4.25672
4.4401
4.82557
5.02845
0.305188
0.512599
0.77222
0.424508
1.37389
2.58588
1.11461
2.05296
2.05457
0.513238
1.64502
1.37549
0.133843
1.11507
0.622032
0.667722
1.69301
0.651838
1.83079
3.567
1.78111
2.7884
3.03291
3.84497
2.98483
3.4612
2.0755
2.52584
0.576908
0.655339
0.583111
1.79215
0.627279
1.05066
3.04303
1.58219
3.06605
3.48298
3.57846
3.3184
2.31927
3.21359
0.66895
0.429792
0.135086
1.13131
0.308725
0
0.525003
0.309164
1.61246
1.06836
2.64439
1.40893
1.6037
2.57308
0.518818
2.08916
1.56629
2.98878
1.69994
2.35953
3.42069
3.60289
3.28023
2.3271
3.25265
0.673514
2.81589
1.22443
0
0.578265
0.655777
3.81321
4.17861
4.21672
4.04809
4.45237
5.20627
4.64177
4.78068
5.1849
4.21922
5.00825
4.18394
3.87481
3.46749
4.06946
4.09816
3.55697
4.56317
3.88854
3.53334
4.51666
3.95601
4.9526
4.84261
5.26284
4.92751
4.66799
4.91629
5.14877
4.82307
2.43653
0.59649
2.69362
1.61803
0
0.737903
0.652248
2.51256
1.45121
3.90803
2.02906
3.20629
4.12671
3.07895
3.68694
1.29538
3.63219
3.94525
3.15041
2.15307
2.66276
0.59576
2.46055
1.24932
0
0.676837
0.638999
4.50691
5.31104
5.3835
4.87999
4.55666
4.51084
3.71224
4.55899
4.37774
3.60385
4.26205
4.01642
5.31907
4.70029
4.49833
5.03092
5.29665
5.15054
5.1154
5.22421
5.39995
5.14984
5.39298
5.32296
3.60958
0.776504
0
1.11374
3.23051
2.47173
4.60833
2.83793
3.94536
4.78037
4.08745
4.41385
1.07637
2.75584
2.732
0.55034
0.718133
0
0.13758
0.446969
0.712799
0
0.531147
0.31578
3.7314
4.42442
4.31318
1.07091
1.48115
0
0.638922
0.840005
2.34294
1.13162
3.24805
1.73318
5.06129
5.08593
5.03365
5.09352
4.41657
4.91546
2.2743
4.67492
4.15998
2.40476
4.75635
3.42965
4.43744
2.31008
3.12585
5.02971
5.07306
5.09926
5.23796
5.10633
5.00367
5.17771
4.81459
5.15415
0.685382
1.57787
1.57879
0.305234
0.685566
1.21825
2.30868
3.26929
2.35469
1.5626
1.22733
2.39075
3.4939
2.79552
1.83466
0.694557
0.431992
2.10442
1.39353
2.0819
3.48271
1.8479
0.62448
4.17281
4.98115
4.68073
3.82131
4.25116
4.27024
5.17064
5.01985
2.16295
0.697951
3.08133
3.41648
1.85829
2.83465
3.56756
3.41137
1.62142
0.665322
4.7407
5.08908
5.29377
5.15605
4.17208
4.19423
5.32487
5.10102
4.83522
4.94342
5.23905
5.41128
3.23655
2.13637
0.823872
0.905984
3.90579
4.24538
1.43214
2.15926
2.20427
1.47904
0.317113
0.440255
3.66828
4.05501
3.7361
2.71922
0.726306
2.59488
5.00941
5.13615
5.1041
5.10027
3.85077
4.21091
4.29609
3.50018
3.87914
4.67404
5.20692
5.00503
0
0
0
0
0
0
0
0
0
0
0
0
0
4.88313
5.25369
3.09378
